N_estimators,max_features,Max_depth,Min_samples_leaf,Min_samples_split,bootstrap,Error-
471,None,112,16,7,True,0.3046453561220506
444,log2,90,29,15,False,0.775151726448367
132,None,255,38,18,True,0.6073658248496431
18,sqrt,63,7,11,True,0.6544171623675874
158,None,211,10,10,True,0.23171233656038845
218,log2,269,19,18,False,0.6675551643382636
522,sqrt,259,16,5,True,0.7039748219576784
81,None,18,37,16,True,0.589309949700878
265,sqrt,40,37,20,False,0.8482767767915429
90,sqrt,262,23,15,True,0.8309813624808343
59,sqrt,13,40,14,False,0.9193583367270078
509,sqrt,278,36,20,False,0.8313829451818137
109,None,168,46,3,False,0.6073946246387019
625,log2,128,49,7,True,1.0614739833704647
6,None,177,31,11,True,0.4854542758211841
757,sqrt,None,45,15,True,1.029996761826081
344,log2,99,31,5,False,0.7927585370265288
156,log2,185,19,10,True,0.7698834342519706
345,log2,14,37,5,True,0.9668891015413017
687,None,219,37,17,True,0.5878607873507904
69,log2,108,15,3,False,0.6297319063922971
424,None,6,17,18,True,0.32243813904078533
643,None,130,9,3,False,0.28804834242438065
499,None,300,4,9,True,0.15271039829606006
217,None,0,41,3,False,0.49016200149386346
468,sqrt,244,9,19,False,0.525918054699988
392,log2,160,45,20,False,0.8970479843234213
379,None,271,46,9,False,0.6073946246387014
520,log2,278,37,19,True,0.9654208797145111
724,log2,248,9,6,True,0.5812329253324227
454,sqrt,43,12,14,True,0.64706157399608
549,None,26,28,12,False,0.4429135814589269
524,sqrt,158,44,9,False,0.8867178875311863
447,sqrt,133,50,17,False,0.9368908495293877
335,None,255,28,19,False,0.44291358145892906
122,sqrt,2,3,5,True,1.3743790041966675
768,log2,180,27,8,True,0.85254335888553
613,None,17,15,15,False,0.33605072306507705
739,log2,139,37,11,False,0.825455804056393
386,log2,213,12,17,True,0.646727182189012
757,None,201,27,5,True,0.4062434911635271
447,log2,287,10,14,False,0.5356523007900764
173,None,108,4,13,True,0.18141749383374187
69,None,109,49,12,False,0.6454953991159285
572,sqrt,88,2,5,True,0.3994465941618229
777,sqrt,46,39,3,True,0.9768379860125757
407,sqrt,128,39,12,False,0.8584601078481113
183,log2,279,13,2,True,0.6769477969889085
580,log2,276,47,5,True,1.0470311173830413
774,None,14,5,10,True,0.15954976895608822
532,log2,157,22,16,False,0.6869269476474495
92,sqrt,120,43,19,False,0.923425317565993
713,sqrt,143,19,2,False,0.6526761953787242
200,log2,43,4,15,False,0.46211334664923237
762,log2,101,32,12,False,0.786585127611705
627,log2,54,30,14,False,0.7659952328995603
468,sqrt,21,3,18,True,0.5364527420558637
191,None,260,1,16,True,0.20282034714437272
236,log2,89,17,3,True,0.7341485326823977
455,sqrt,270,8,9,True,0.5719470372260612
752,None,278,32,19,True,0.5061905497994471
234,sqrt,105,43,18,True,1.0172812939684848
252,log2,284,4,15,True,0.5378779420347807
63,None,55,2,6,False,0.22514887407397455
302,sqrt,79,13,15,False,0.5765129237076855
462,None,3,31,15,True,0.6349781641293589
18,None,43,37,14,True,0.5898525803472697
177,sqrt,86,32,4,False,0.8039175017191655
319,log2,97,43,14,False,0.8955237605701587
41,sqrt,159,5,11,True,0.5400268887722379
670,None,162,8,4,True,0.2008166333856065
369,None,27,34,20,False,0.4897164341930172
723,None,225,40,5,False,0.49039538651283027
386,log2,180,2,10,False,0.40500877782218875
696,sqrt,71,2,15,False,0.44021997097571636
341,log2,24,22,6,True,0.8090997480491028
250,sqrt,202,37,11,False,0.8550749216286805
327,sqrt,220,41,12,False,0.8737051207303038
504,None,99,23,8,True,0.37825914136338185
763,None,103,21,14,False,0.36532536539706156
701,sqrt,260,33,10,False,0.7938244807796032
747,log2,273,49,11,False,0.9171049153729589
280,log2,258,23,15,False,0.7022775063253371
706,None,80,14,2,False,0.3303688880954785
43,None,83,47,12,False,0.6170438898058291
747,sqrt,213,1,12,True,0.4540779079513353
472,None,242,47,7,True,0.6363084536128366
189,sqrt,165,19,18,False,0.6710691229616644
181,None,270,25,2,True,0.3944705199140259
578,sqrt,29,40,16,False,0.8505047018782013
318,sqrt,49,37,13,True,0.971242191759528
351,log2,149,15,2,False,0.6070422594917909
459,sqrt,54,29,19,False,0.7734402163196528
798,None,56,25,8,True,0.3894231486618473
319,log2,227,17,14,False,0.6352788286202414
205,sqrt,155,46,16,False,0.9125560886765468
463,None,294,6,19,False,0.2954743296684951
240,sqrt,160,19,18,True,0.7670901631244069
164,None,290,1,10,True,0.1607059908370511
36,sqrt,5,36,5,False,0.9528804094742181
350,log2,269,43,19,True,1.0158106674820662
327,sqrt,255,6,13,True,0.5311298687903934
343,sqrt,248,39,8,False,0.8615907369054607
786,None,285,49,7,True,0.6373788628967846
131,sqrt,133,29,18,False,0.7864462746459034
726,None,171,21,16,True,0.3681606407794018
707,sqrt,157,36,18,False,0.8179981190236001
391,sqrt,158,33,18,False,0.8054700834216381
112,log2,279,26,16,False,0.7465397788752365
571,sqrt,272,31,2,False,0.7793453042416458
330,sqrt,3,45,11,True,1.1307468703758632
367,None,37,26,7,False,0.3967607565439801
681,sqrt,193,6,20,False,0.5025675905131386
214,None,172,32,11,True,0.5136870469806586
596,sqrt,76,11,8,True,0.617464929476803
420,log2,262,11,3,True,0.6228742304729175
363,None,105,46,17,False,0.6073946246387018
714,None,192,32,7,True,0.5067929213435943
800,None,114,13,17,True,0.2642169050452339
586,sqrt,256,19,3,False,0.653579024518545
25,log2,74,14,5,False,0.6368084536403222
671,None,8,31,10,True,0.4870107461841213
305,sqrt,152,49,4,True,1.0565539726524524
424,log2,79,22,2,True,0.8068182053865406
774,None,87,19,8,True,0.3488927953437732
98,None,273,10,6,False,0.30250881725690015
426,sqrt,292,45,17,False,0.8998165835387915
258,sqrt,216,23,17,False,0.7132121782345054
498,log2,84,48,15,False,0.921238141934405
521,None,174,32,5,True,0.5066503028113122
256,sqrt,296,21,7,False,0.6847897435289826
738,sqrt,178,39,14,False,0.8375915363802355
570,sqrt,240,33,8,True,0.9211479066196914
42,None,135,5,16,True,0.20586501452586062
220,log2,100,18,4,True,0.7422928079974223
388,None,210,7,20,True,0.22863800978604487
579,log2,245,9,15,False,0.5129736314531178
181,sqrt,20,32,6,True,0.9227251909117329
26,sqrt,8,1,9,True,0.5758719443152134
31,log2,172,13,4,False,0.624977049249512
619,sqrt,208,42,16,True,1.0079819836517119
133,log2,283,15,8,False,0.6196555670679875
384,sqrt,34,43,13,True,1.0170605035228826
21,None,264,18,18,False,0.35706829607128937
170,log2,167,8,3,True,0.58010775951306
446,sqrt,202,17,8,False,0.6368000112079027
789,sqrt,57,8,8,True,0.5558479274503646
632,log2,8,48,18,False,0.9153731133326324
38,sqrt,92,1,14,True,0.5496460368048698
324,log2,231,42,18,False,0.8857094577155942
542,sqrt,70,5,11,False,0.4287207211765225
456,log2,123,2,5,True,0.4016884207023191
386,log2,106,37,5,False,0.8440180229913622
156,log2,232,50,17,False,0.9595182496460449
114,sqrt,282,19,11,False,0.6786735956142941
299,log2,255,24,20,True,0.8249255606285782
657,None,43,41,2,False,0.4901620014938602
186,None,99,18,3,False,0.35706829607128987
208,sqrt,37,16,16,False,0.6192537156073955
419,None,155,44,4,True,0.6342731943016237
526,log2,112,20,14,True,0.7686601879519149
466,None,41,3,13,False,0.2572793918553476
454,None,260,42,10,True,0.6291615206196324
26,None,195,27,19,False,0.41961694521116594
241,log2,116,7,4,True,0.5493671626253946
758,sqrt,188,44,9,True,1.0200538316354304
758,None,298,16,14,True,0.30397395100952157
387,sqrt,116,44,13,True,1.0257958951325803
177,sqrt,68,26,15,False,0.7505369371080609
526,log2,133,16,15,False,0.6140735443783035
528,None,267,37,10,True,0.5872510354482351
226,None,118,40,14,True,0.6234797191248924
287,sqrt,102,49,11,True,1.0556669475459166
428,sqrt,54,9,6,False,0.5199041166232322
234,None,161,6,7,True,0.1752267313323891
225,None,79,22,13,True,0.3804049880724192
22,sqrt,67,4,10,True,0.5358214087293045
257,None,42,40,18,False,0.49039538651283315
317,None,12,9,11,False,0.28804834242437855
249,None,253,13,3,False,0.3258641619141313
323,None,209,23,10,False,0.3904528269918295
433,log2,259,22,15,True,0.8107440228718602
117,log2,168,46,14,True,1.0482856777910605
24,None,73,20,16,False,0.36223652200170015
269,log2,282,12,18,False,0.5607203685261711
87,log2,188,27,3,False,0.7452600538804616
533,None,178,13,20,True,0.2650943973649535
207,None,265,7,16,True,0.2024070183910117
218,None,204,26,4,False,0.3967607565439815
371,sqrt,168,42,18,True,1.0094892581332024
451,log2,227,27,2,True,0.8624093518300446
208,log2,180,18,17,False,0.6462557667450798
139,log2,269,6,2,True,0.5306443485211297
405,log2,73,44,5,True,1.0286552458183713
482,sqrt,65,37,19,False,0.8442474259948599
160,log2,197,30,7,True,0.8955017131699766
42,sqrt,61,36,16,True,0.9939113602186178
443,sqrt,20,32,11,True,0.9185012331529374
463,sqrt,282,41,3,False,0.8674972249479764
595,log2,197,10,18,False,0.5289154148977336
540,log2,136,15,2,False,0.600351608491061
608,sqrt,142,33,17,False,0.7991343800409215
247,sqrt,264,39,7,False,0.8696032460818687
203,log2,209,11,17,True,0.617614732256226
166,sqrt,2,8,5,False,1.3687080988032976
140,log2,43,48,3,True,1.0729809107834347
768,sqrt,164,39,8,False,0.8378333374496142
262,None,48,37,3,True,0.5957082631119458
113,None,252,19,17,False,0.3554985526682646
647,None,257,24,12,True,0.3829161605534102
232,None,201,2,13,True,0.18155814840247012
747,None,45,13,17,True,0.26397191261073105
312,None,158,47,19,False,0.6170438898058291
494,sqrt,203,48,6,True,1.061179060391859
462,None,78,40,3,False,0.49039538651283204
494,log2,13,32,19,False,0.7964590209891829
383,None,41,22,13,False,0.3778290316369686
36,sqrt,156,29,14,True,0.9508874966389533
160,None,126,47,11,True,0.6416986217465491
24,sqrt,64,13,17,True,0.6885367538849616
797,None,85,13,4,True,0.264173619092114
497,None,72,13,19,True,0.26465801805070105
58,log2,96,13,12,True,0.7150054511934553
63,log2,265,14,16,False,0.6310636363629364
722,log2,123,14,3,False,0.5927108232207231
262,None,183,50,10,True,0.6421652988098182
667,sqrt,119,50,2,False,0.9230437682040948
717,log2,241,38,11,True,0.9684225540053696
440,None,206,12,18,False,0.32393057055417723
401,sqrt,220,28,9,True,0.8701450835650525
583,sqrt,105,29,16,False,0.761896018741094
409,None,31,32,11,False,0.4897164341930164
793,sqrt,211,28,4,False,0.7400623600623776
699,log2,55,8,13,True,0.5593311941283834
409,sqrt,206,6,5,True,0.5223324629895608
798,None,108,8,8,True,0.20027003443754743
754,log2,58,26,4,False,0.7210128780866473
746,sqrt,162,11,15,True,0.6155497009008312
403,log2,131,47,3,False,0.9117065162164094
551,sqrt,220,25,10,False,0.7160190523385473
362,log2,116,29,2,True,0.8824940565957081
263,log2,154,31,12,True,0.912069603089107
282,None,261,33,19,False,0.4897164341930181
603,sqrt,293,3,8,False,0.39512676883306797
732,sqrt,66,43,4,True,1.0128352788676709
252,None,108,5,20,True,0.2314096013217735
757,sqrt,149,35,20,True,0.9423313048107618
74,sqrt,168,19,8,False,0.6813762751293421
123,None,241,44,4,False,0.5342992346340134
407,sqrt,256,39,8,False,0.8584601078481113
681,sqrt,236,10,4,True,0.6006804007232223
767,None,274,34,19,True,0.543503287720256
268,log2,127,26,11,False,0.7391348194421171
198,sqrt,269,31,8,True,0.9049237501543099
470,log2,193,37,11,False,0.8475801691236468
557,None,58,33,16,False,0.4897164341930144
795,sqrt,109,24,4,False,0.705451136268099
293,log2,242,27,5,False,0.7428421694384694
209,log2,42,3,20,True,0.534778012824526
524,log2,264,18,5,False,0.6387302033095935
700,log2,191,13,7,False,0.5729604802076084
408,None,74,39,18,True,0.6107671584165273
69,None,78,48,2,True,0.6425887642133405
458,log2,147,16,10,True,0.7108808610178471
713,None,278,6,14,False,0.2689651032845432
406,None,62,49,7,False,0.6454953991159278
252,sqrt,254,13,16,False,0.5812384837683998
194,sqrt,201,7,20,True,0.5946434040381958
108,None,260,4,2,False,0.2233984484298245
576,None,22,49,15,False,0.6454953991159261
293,sqrt,39,20,9,True,0.7812342734222099
167,log2,156,2,9,True,0.4517138104924531
358,None,22,46,19,True,0.6382667114216207
577,sqrt,50,47,13,True,1.0460357725568672
194,sqrt,298,15,12,False,0.6074662964638149
746,log2,231,16,12,False,0.6131999162583164
548,log2,60,27,8,True,0.8523717755816574
213,log2,9,5,17,False,0.49982835396440634
772,log2,49,5,14,False,0.4551604958453517
67,sqrt,178,16,5,False,0.6384376925615908
633,log2,46,32,15,True,0.9046095547360746
243,sqrt,36,47,18,True,1.0647391778283664
526,None,157,42,16,True,0.6275888104183777
668,None,267,20,20,True,0.36051602925227444
235,log2,300,31,18,True,0.9131754379460881
740,log2,167,17,20,False,0.6242123882850678
446,sqrt,2,26,8,False,1.330773312283153
708,None,281,27,5,False,0.4196169452111644
174,None,184,33,20,False,0.489716434193018
603,None,298,21,19,False,0.36532536539706184
334,log2,41,34,17,True,0.9454112061151355
593,log2,226,14,4,True,0.6740040578025429
115,sqrt,101,6,6,False,0.4617014315518338
321,None,145,40,8,True,0.6205455916438795
359,sqrt,260,27,17,False,0.7404794641776001
218,None,164,23,9,True,0.3848367239874338
637,None,155,47,18,True,0.6355513290626288
551,sqrt,210,20,3,False,0.6668503031847063
655,None,24,14,9,False,0.3303688880954779
382,sqrt,98,43,6,True,1.0177311624909582
22,log2,215,2,11,False,0.4878543206225601
460,sqrt,226,1,13,True,0.47267106019209754
480,sqrt,185,50,20,True,1.0801327812159824
548,None,155,1,2,False,0.20610502974542957
615,log2,37,9,7,True,0.5836750391312783
307,log2,103,17,7,True,0.7307201481770135
698,sqrt,113,13,6,False,0.5728159179220477
614,log2,69,24,10,False,0.7078246128828308
353,None,203,4,7,True,0.14787819878886144
491,log2,54,23,15,True,0.8113681516325978
25,sqrt,80,23,5,False,0.7312922589119286
768,log2,83,35,11,False,0.8103411814792839
691,log2,113,38,8,False,0.830003474678675
369,log2,246,37,4,False,0.8471268468147747
325,log2,None,38,16,False,0.850395972469444
481,None,53,6,6,False,0.24893256355331847
565,None,131,31,18,False,0.47585307369289387
336,log2,143,11,4,True,0.6190564536969902
176,sqrt,30,50,2,True,1.0850579118759887
6,None,87,6,17,False,0.2817856285546023
81,None,95,48,2,True,0.6410845776105164
234,log2,204,33,12,False,0.8128576623694457
213,None,184,9,6,False,0.28804834242437777
781,sqrt,84,40,16,True,0.9837867902244634
702,sqrt,129,7,5,True,0.537302325120494
799,log2,273,20,13,False,0.6632107476943899
291,None,79,40,2,True,0.6231318232747995
355,sqrt,64,2,20,True,0.5349929217732465
486,log2,76,18,12,False,0.6448002518467857
417,None,9,18,6,False,0.3570682960712889
126,sqrt,247,42,9,True,1.0194105638470845
474,sqrt,16,41,7,False,0.8681408867142918
502,None,8,13,4,True,0.2647108162545047
519,log2,89,13,14,False,0.5751584384596734
385,log2,199,13,16,True,0.6618869157123313
16,None,203,50,3,False,0.6454953991159286
263,log2,53,42,10,True,1.0136225520258453
756,log2,141,40,6,True,0.9843058784104565
215,None,148,24,18,False,0.39387090045805806
189,log2,136,19,2,False,0.6710691229616644
237,log2,86,45,9,True,1.041761795069059
33,log2,97,12,17,True,0.7384749080605064
377,sqrt,262,7,4,False,0.4786571567052558
366,None,206,5,2,True,0.16086378571784057
714,log2,221,11,6,True,0.6164412035261699
697,sqrt,168,28,6,False,0.7396474936480804
784,sqrt,56,29,14,False,0.7626804280756808
731,sqrt,157,27,13,True,0.8515478667967921
366,sqrt,100,4,6,True,0.44962584870515654
760,sqrt,72,32,8,False,0.7865017541659504
155,None,26,5,20,True,0.2312506177585636
694,sqrt,76,8,2,True,0.5605872968152882
380,sqrt,295,18,10,False,0.6548882200423393
104,None,139,17,16,True,0.3269779796488814
9,log2,98,6,19,True,0.6861384430504759
582,None,84,28,6,False,0.4429135814589265
305,log2,269,48,19,False,0.9191628556910603
701,sqrt,245,28,14,False,0.7400333135021531
272,None,266,37,19,True,0.5956843047048206
624,None,89,28,10,False,0.4429135814589264
482,None,117,5,16,True,0.199424799802579
321,log2,36,32,8,False,0.798190385380015
409,sqrt,283,12,20,True,0.6504276411674654
626,log2,107,29,18,False,0.7619551925986595
78,log2,168,16,3,True,0.7085304663433746
554,None,250,28,16,True,0.42311551329858405
85,log2,116,6,16,True,0.5747185722186615
745,None,88,3,14,True,0.18514627584953433
136,log2,183,17,15,False,0.6272211012290504
440,log2,107,47,8,False,0.9161090868107299
580,None,223,40,8,True,0.6151494586904047
635,sqrt,274,36,14,False,0.8184855456668974
565,sqrt,58,13,10,False,0.5721537200312774
234,sqrt,228,26,7,False,0.7458772976282168
712,None,98,39,9,False,0.49039538651283016
715,None,183,30,13,True,0.463729786371766
410,sqrt,235,49,14,False,0.929538046144137
487,sqrt,119,1,19,False,0.4707484506524369
707,sqrt,219,23,18,False,0.6922214781855227
292,sqrt,186,28,12,True,0.8683869017053528
133,None,135,36,13,True,0.5815271140572701
379,log2,145,35,6,True,0.9534644479841399
242,sqrt,237,22,7,False,0.7058385624966635
410,sqrt,142,4,11,True,0.49462160813016953
462,log2,277,31,14,False,0.789245197625648
540,sqrt,40,35,3,True,0.9476459940850323
20,log2,261,32,14,False,0.850098337383215
304,None,147,23,13,False,0.39045282699182965
686,sqrt,221,38,3,False,0.8305313284322806
773,log2,65,28,20,False,0.7415349255037568
504,log2,97,42,10,True,1.0151391838829984
241,log2,237,44,2,True,1.0356028047574326
142,sqrt,6,39,5,True,1.007355785848812
545,log2,30,6,3,True,0.5147591120890469
537,log2,272,19,4,True,0.7548668029048464
581,sqrt,282,28,19,True,0.8623286550396315
755,sqrt,173,47,18,True,1.0460787227914032
392,sqrt,77,31,16,True,0.9071762243531615
417,None,82,8,11,False,0.276117488809886
470,log2,261,18,2,False,0.6466537568315368
591,None,11,3,2,False,0.22267275372976073
24,None,283,39,19,True,0.6200034156101238
347,sqrt,116,26,3,False,0.7363828696239404
134,sqrt,46,42,14,False,0.9016367420472622
670,sqrt,62,46,8,True,1.0397887831743011
504,sqrt,33,27,9,True,0.8571364380424393
600,sqrt,32,43,5,True,1.0162632963956015
230,log2,78,42,11,True,1.007971460520011
209,None,70,12,14,False,0.3239305705541765
512,log2,37,45,9,True,1.0381502756094478
130,sqrt,245,49,2,False,0.9510905836443778
475,log2,157,28,13,True,0.8692324597107195
640,None,295,21,15,True,0.36814962349549035
471,None,286,2,10,False,0.23225520207499697
439,log2,47,49,10,False,0.9303732248000262
58,sqrt,182,18,11,False,0.7016817673854576
767,None,78,5,20,False,0.3021103060669515
571,log2,159,29,5,False,0.7615526022480594
399,log2,90,39,13,True,0.987114055227097
263,sqrt,277,41,8,False,0.8802018778892003
564,None,50,23,8,False,0.3904528269918271
578,sqrt,119,20,10,False,0.6652211605129364
463,log2,193,41,9,True,1.0111654558667944
448,sqrt,41,20,7,True,0.7795677073225873
464,sqrt,272,20,14,False,0.6758311508176597
550,sqrt,233,49,20,False,0.9185102141478138
248,sqrt,186,20,17,False,0.6791909696522933
190,log2,255,5,8,False,0.4306336004083016
88,None,197,4,16,True,0.2028026798308853
340,None,191,30,7,True,0.4672070131150954
232,sqrt,219,41,15,True,1.0020588682154308
16,None,57,15,20,True,0.29018735180314015
657,sqrt,217,37,16,False,0.8278354391935463
579,None,267,29,4,False,0.453954137230695
733,None,101,14,7,False,0.3303688880954787
571,log2,222,36,18,True,0.9524168142293719
773,None,185,13,16,False,0.32586416191413453
95,log2,176,46,11,False,0.9329019689495347
97,log2,41,23,8,False,0.715019693856228
343,log2,162,19,15,True,0.7629239118795091
739,None,31,38,19,True,0.5982626171583164
307,log2,223,28,8,True,0.8680413938721875
789,log2,105,26,6,False,0.7200851820651127
421,None,186,12,13,True,0.2544330900033617
164,log2,269,22,13,True,0.8184416299121136
20,log2,141,11,12,False,0.6172754970891781
493,sqrt,237,21,12,False,0.676196416873554
685,None,224,13,4,True,0.2647488474270748
31,log2,192,24,5,True,0.9298360659919362
498,sqrt,234,27,15,False,0.7364436222829166
624,None,85,35,4,True,0.5587659901246037
636,sqrt,114,50,7,False,0.9240006707644604
369,None,6,41,12,True,0.6258544716455056
407,sqrt,186,50,7,True,1.0768195527463023
33,log2,3,18,15,True,1.1788208833564653
584,None,236,46,3,True,0.6346432733238992
275,log2,120,24,12,False,0.7180233530698761
607,sqrt,250,37,7,True,0.9618071849818052
419,None,32,1,16,False,0.27609304014290137
753,log2,34,21,19,False,0.6715430789911828
220,None,24,5,2,False,0.2267077000743729
440,log2,83,27,16,True,0.8648946294378178
298,log2,125,26,19,True,0.8580032629167217
404,sqrt,76,22,15,True,0.8062311536707677
708,log2,169,45,11,True,1.0314508177372355
153,log2,137,25,5,False,0.7352390493766775
384,sqrt,230,6,20,True,0.5805021389004995
560,sqrt,260,13,19,False,0.572165978682775
575,None,168,12,13,True,0.25367803017216983
572,sqrt,277,21,13,True,0.7840552767532745
468,sqrt,52,50,6,True,1.0824911379653817
513,None,286,4,2,True,0.14748656305846278
270,None,84,37,14,True,0.5955852339021325
384,None,251,29,14,True,0.44462711483353917
744,sqrt,230,21,3,True,0.780507886313423
681,None,285,3,9,False,0.22731208326446128
163,log2,82,45,6,False,0.9217275610992836
55,log2,129,22,8,False,0.7492509548610804
485,sqrt,16,36,13,True,0.9632074556978782
601,log2,29,27,3,True,0.8552115043460057
203,log2,139,24,11,False,0.723670421132094
89,sqrt,216,36,3,False,0.8606667740589867
285,log2,268,30,18,True,0.8928037300691226
409,sqrt,266,44,7,True,1.0334021096433657
257,log2,141,14,4,False,0.6036763604056247
21,sqrt,5,45,14,False,0.9768835134609876
642,log2,71,20,11,True,0.7642877993273647
295,None,174,17,15,False,0.3414955412264889
399,None,6,16,6,True,0.3061810234900417
409,sqrt,74,40,8,False,0.8666239944646416
143,log2,112,38,12,True,0.9982797093789789
172,sqrt,223,47,20,False,0.9345593193852698
584,None,65,38,14,False,0.4908628394296741
591,log2,173,44,15,False,0.8849132897909323
185,log2,119,46,6,False,0.9203985214049183
645,log2,87,40,18,False,0.8485651497354195
29,sqrt,273,50,14,False,1.0157596900859736
703,log2,123,50,9,False,0.9213381881013296
397,None,60,37,5,False,0.4896874847731689
247,None,126,15,9,False,0.33605072306507583
799,sqrt,232,5,15,False,0.46701786563687936
258,None,210,30,19,False,0.47215481312720414
53,sqrt,188,18,17,True,0.7684792996728262
456,log2,146,28,20,False,0.7485572278769822
169,sqrt,200,7,16,False,0.517360492211123
201,None,89,5,20,False,0.3021103060669504
71,sqrt,60,6,8,False,0.46115806966892253
390,None,227,42,16,False,0.48968206791257796
75,log2,161,13,15,False,0.58948077456314
767,sqrt,218,2,20,True,0.5344321755853599
213,sqrt,191,27,16,False,0.7481777352717528
167,sqrt,270,7,14,False,0.4798798105293398
710,None,276,50,10,True,0.6371374912093802
570,log2,264,14,12,True,0.6745800772256327
449,None,15,17,7,False,0.3414955412264871
411,sqrt,260,5,3,False,0.43718848634028223
101,None,46,38,12,False,0.4908628394296766
631,sqrt,132,11,5,True,0.6169157776040035
13,log2,22,32,2,True,0.9390938499425635
728,log2,54,2,20,True,0.5356860891787877
553,sqrt,80,12,13,True,0.6374933883407029
778,None,176,47,19,True,0.6360756491762513
485,sqrt,88,48,10,False,0.9221716173413945
438,sqrt,289,1,18,True,0.5216471432572863
415,log2,171,8,19,False,0.518077311959621
798,None,272,29,18,False,0.4539541372306954
612,None,217,17,10,False,0.34149554122648773
687,log2,50,48,13,True,1.052901287869086
137,None,55,34,15,False,0.48971643419301786
426,None,77,4,2,True,0.14773857465840282
468,sqrt,177,10,10,False,0.5360916883201133
771,log2,92,11,20,False,0.5476125780026928
234,log2,42,36,18,True,0.9630753923698876
291,log2,71,47,19,True,1.0441103585808282
439,None,163,32,2,False,0.4897164341930162
387,sqrt,268,44,12,False,0.8950601650659064
473,sqrt,291,35,2,False,0.8315198551256545
429,None,174,7,4,False,0.2710036569579168
148,None,20,23,19,False,0.39045282699182976
524,None,10,18,9,True,0.33590128332205266
710,log2,48,12,16,True,0.6376199666357867
125,sqrt,89,49,18,True,1.0688911596468424
245,sqrt,243,14,2,True,0.6974540170375129
316,sqrt,86,13,19,False,0.5758553767343514
318,log2,242,27,4,True,0.8696252796677877
327,sqrt,43,31,15,True,0.9099595552047807
482,sqrt,31,42,20,True,1.0184568835812697
158,sqrt,254,12,7,False,0.5756504984422309
192,None,20,30,3,True,0.47230659475622816
355,log2,114,45,16,False,0.9012851948061519
349,None,283,33,10,True,0.5281365273853208
542,sqrt,111,49,2,True,1.0598384664448437
697,log2,15,35,18,False,0.8091126481272818
751,log2,210,8,14,False,0.49266926751993445
536,log2,147,38,20,True,0.9729846090105266
327,log2,6,41,8,False,0.8760545855961722
117,log2,145,42,18,True,1.0138469907633396
665,log2,44,10,5,True,0.5998530953124414
346,sqrt,36,19,11,False,0.6626066408495949
391,log2,252,5,5,True,0.48896210328290657
478,log2,226,38,12,True,0.9786861147237224
391,log2,91,45,14,True,1.032926466630583
726,None,187,3,20,False,0.30211030606695166
165,None,152,20,10,True,0.3655247275070868
732,sqrt,148,32,19,False,0.7838567328275433
781,log2,99,13,9,False,0.5700480913055884
242,None,159,31,16,True,0.49025924099776524
34,sqrt,99,16,10,True,0.7582974906099004
381,sqrt,47,21,5,True,0.8026788113280627
643,sqrt,52,42,9,True,1.0061407765847044
606,None,241,26,4,True,0.39601026829447067
252,log2,126,23,9,True,0.8177161757753107
160,sqrt,262,20,11,True,0.788967989317675
375,sqrt,166,27,15,True,0.8690169334807963
163,None,9,24,20,True,0.3898859761921147
424,sqrt,244,34,19,False,0.8191621600847455
574,log2,35,11,17,True,0.6167084171157233
559,None,129,41,18,True,0.6223987304792297
685,sqrt,269,30,19,True,0.8874685031271659
771,sqrt,97,48,16,True,1.053575235549512
768,None,58,50,19,False,0.6454953991159266
426,sqrt,146,13,15,False,0.5818658148877324
483,None,251,1,19,False,0.2954743296684952
520,log2,38,50,3,True,1.0712952579403705
654,None,99,34,3,True,0.5442027712486034
142,None,20,43,2,False,0.4897843872243759
387,sqrt,163,50,2,False,0.9340651420096723
227,log2,161,34,19,True,0.9456715441991715
352,None,106,22,14,True,0.3770099694559854
222,log2,147,15,11,True,0.7037239222285209
664,None,285,24,14,False,0.39387090045805523
220,log2,17,41,14,True,1.0055779388171957
723,sqrt,133,36,18,True,0.9516170714777088
109,sqrt,195,25,19,True,0.8615231472016619
556,None,59,16,8,False,0.33524107638662276
729,log2,100,40,3,True,0.9857852678267637
188,None,0,42,15,True,0.6359028062365354
8,log2,250,34,8,True,0.9147721560105212
770,None,220,48,13,False,0.6454953991159266
146,None,174,49,17,False,0.6454953991159282
148,log2,279,33,4,True,0.9444810861501928
507,None,279,37,8,True,0.5873312582680249
85,None,223,4,15,True,0.1954764222872323
695,None,108,11,7,False,0.30912448406701715
10,None,193,2,2,False,0.21352886351712486
677,sqrt,276,33,6,True,0.9219506130435361
423,log2,43,36,16,False,0.8371797475268482
255,log2,9,24,18,False,0.731042805273903
713,log2,171,29,11,True,0.8730286905482979
638,sqrt,23,8,19,True,0.579803312760106
235,sqrt,206,20,7,True,0.7903667983649681
489,None,171,7,10,True,0.1862132190449699
201,None,43,38,2,True,0.6061743306254843
619,sqrt,25,15,19,True,0.6887581101447301
179,None,99,23,9,True,0.384979345516379
342,sqrt,150,11,2,False,0.5546421950822705
618,log2,80,27,10,True,0.8549454988188621
237,log2,194,37,2,False,0.8555709593083951
444,sqrt,143,32,8,True,0.9182168251817493
477,None,70,23,5,True,0.3785329933393071
140,log2,1,10,7,False,1.6975929526222473
784,sqrt,250,38,7,False,0.8279520869457203
360,log2,169,41,3,True,0.999710296332634
31,sqrt,292,25,16,False,0.7698918536265058
776,sqrt,135,45,10,False,0.8868935758306756
610,log2,236,4,11,False,0.4278290260001794
34,None,138,19,3,False,0.3554985526682641
464,log2,26,1,15,True,0.5011407171248426
447,log2,50,23,12,False,0.7052837912179369
567,None,117,2,6,True,0.13801633191742754
583,sqrt,199,15,13,True,0.6896750779448989
188,None,268,32,9,True,0.5150141272297873
432,None,199,34,12,True,0.5442969483672907
390,None,172,49,9,True,0.6374530945218623
225,log2,51,2,11,True,0.45684722334325806
465,None,89,39,3,False,0.4903953865128319
347,log2,102,12,2,True,0.6495244035720047
649,log2,100,6,13,True,0.5267202688962177
324,sqrt,27,50,11,True,1.0680219007340934
455,log2,257,49,7,True,1.0719059737689876
18,None,272,39,14,True,0.6090338677028669
438,log2,244,39,19,True,0.9904568172625953
529,None,52,42,7,True,0.6277506638477938
220,None,172,18,4,True,0.34078306091027755
646,log2,299,36,14,True,0.9519681384262467
602,None,212,15,15,True,0.2898361258214928
727,sqrt,150,29,5,True,0.8722742433102413
117,log2,206,43,14,False,0.9099617198249338
342,None,187,23,5,False,0.3904528269918293
725,None,223,21,9,True,0.36812747444811506
336,log2,220,31,17,False,0.7927502870232521
103,sqrt,232,15,20,False,0.6200720302772121
525,log2,204,11,9,False,0.5524601738461244
420,sqrt,41,45,3,False,0.8987978287849613
312,log2,182,13,17,False,0.5749788494634002
92,sqrt,260,47,6,False,0.9355286474600512
107,sqrt,84,48,2,True,1.0744786557762918
267,None,148,31,9,False,0.475853073692897
720,None,9,12,6,False,0.3239305705541767
10,sqrt,272,7,14,False,0.5482059740491946
271,sqrt,100,32,16,True,0.9159575632063607
674,sqrt,9,39,13,False,0.8398217697238809
181,log2,220,17,17,False,0.6308036293507094
607,None,144,30,19,False,0.4721548131272013
500,None,300,40,6,False,0.4903953865128316
749,sqrt,295,42,6,False,0.8656543917554865
785,sqrt,25,38,18,False,0.8278002682701381
149,None,12,12,12,False,0.32393057055417646
39,None,174,36,6,True,0.5870318258953292
244,sqrt,89,37,10,False,0.8563900844902652
34,sqrt,188,37,4,False,0.9151421205374435
118,log2,189,32,11,False,0.8009907184501279
544,None,137,45,5,True,0.6347987929022496
488,None,182,47,14,True,0.6363908895135927
647,sqrt,56,19,17,True,0.7525612972889771
215,log2,234,46,4,False,0.9138474663105981
252,None,241,20,20,False,0.36223652200170103
699,sqrt,293,30,16,True,0.8856923839521392
718,sqrt,10,1,5,True,0.406408962907683
745,None,126,34,9,False,0.48971643419301464
480,sqrt,300,33,3,False,0.8102280476676708
91,sqrt,118,8,13,False,0.5291548855689189
463,sqrt,221,2,11,True,0.46679935057091687
242,log2,109,24,11,True,0.8347154403297773
716,log2,37,35,16,True,0.9435708896175633
395,None,276,44,20,True,0.6340065062861133
253,sqrt,60,47,16,True,1.0626491463968317
77,None,156,18,12,True,0.34445078614762387
32,sqrt,77,9,16,True,0.654141575135239
276,log2,221,18,10,True,0.7377466159198608
740,log2,91,40,18,False,0.8470452432205301
736,None,209,39,15,True,0.606675752750653
621,log2,283,28,15,True,0.8629793824090553
413,None,45,29,13,False,0.45395413723069683
704,log2,100,7,4,False,0.4704167410756261
467,None,6,7,17,False,0.2956276146453172
268,sqrt,153,27,2,True,0.8666267596517746
599,None,185,44,14,False,0.53429923463401
370,sqrt,8,27,11,True,0.8684873366874196
711,None,118,8,10,True,0.2002272740925217
201,sqrt,200,47,9,False,0.9216216024949446
95,sqrt,14,39,10,False,0.8850489907425386
715,log2,103,18,14,True,0.7369896767943049
748,sqrt,82,6,13,False,0.45676260735509927
123,None,55,36,7,False,0.489716434193018
200,None,185,34,14,True,0.550000824953992
450,sqrt,178,21,16,True,0.7986757257374378
658,None,222,1,4,True,0.1318883236789086
241,log2,116,15,12,True,0.7078744739296674
323,sqrt,272,29,10,False,0.7821778647932506
66,None,238,40,8,False,0.4903953865128334
380,log2,35,33,8,True,0.9312870255735787
315,sqrt,230,39,20,False,0.8595169288177575
622,sqrt,71,24,13,False,0.7079556989493364
645,log2,107,39,4,False,0.8395515560266066
775,None,129,22,10,True,0.373513385127886
120,sqrt,67,43,10,True,1.0241874662600352
86,sqrt,149,10,6,True,0.6186166914569878
26,log2,46,14,8,True,0.7214879142867924
211,log2,35,31,12,False,0.7859525263546855
268,None,256,10,10,True,0.2320319263269295
698,sqrt,157,13,11,False,0.5728159179220477
385,log2,123,5,7,True,0.48987366700412355
46,log2,131,43,18,False,0.937593787553853
406,sqrt,117,19,7,False,0.6665191642706453
495,sqrt,102,4,20,True,0.5594233410814086
34,None,239,43,11,False,0.4897843872243765
702,log2,122,35,15,False,0.8087746328234502
646,log2,144,18,4,False,0.6393873110506522
189,sqrt,83,44,5,False,0.9080313061432433
538,sqrt,7,38,20,False,0.8351658271184683
239,log2,183,48,11,False,0.9360153199929523
645,sqrt,279,35,3,False,0.8107193858144682
616,log2,198,28,2,True,0.862261115408895
760,None,232,7,19,False,0.2955322413940549
119,sqrt,249,17,20,False,0.6263204398493909
447,sqrt,234,27,2,False,0.7397021483079783
459,None,84,29,6,False,0.45395413723069655
603,log2,276,24,10,True,0.8180132475189573
253,log2,190,41,4,False,0.8846813553574364
454,sqrt,136,45,13,True,1.0416351227062435
164,sqrt,226,21,19,False,0.690861219105689
182,None,65,29,16,True,0.4509084819058824
56,None,296,12,10,True,0.26023118821808966
98,sqrt,61,31,15,False,0.7949259242735666
386,log2,172,20,16,False,0.6750040021853487
537,log2,88,45,12,False,0.8920382178731646
130,None,289,19,15,True,0.3558310858107108
397,None,61,9,6,False,0.288048342424379
745,sqrt,49,37,19,True,0.9591017129552327
12,sqrt,110,38,9,True,1.0333981296400332
58,sqrt,170,5,2,False,0.4675071031788531
213,log2,188,39,18,False,0.8648094352117784
207,sqrt,101,48,6,True,1.0528613677311933
458,None,14,42,6,True,0.6290643324998598
45,sqrt,26,15,4,False,0.6415701137572256
402,log2,294,19,6,False,0.6645424737612623
461,None,197,41,16,True,0.624177908743226
385,None,89,28,7,False,0.4429135814589285
363,None,180,38,19,True,0.6033008727475071
238,log2,210,22,6,False,0.7031725620300305
673,None,175,8,20,False,0.30186127813355407
223,sqrt,73,36,14,True,0.9677623377773554
211,sqrt,191,15,15,True,0.6954107136940003
645,None,175,20,15,True,0.3597799218201898
66,None,287,27,15,True,0.41968461133938684
151,None,21,5,4,False,0.2267631922277861
425,sqrt,277,46,2,False,0.905708147726031
612,log2,204,31,15,True,0.9007690183936026
311,sqrt,179,18,17,False,0.6475125400275442
270,None,257,31,13,False,0.47585307369289714
337,None,184,30,8,True,0.46739159629394217
119,sqrt,94,49,15,False,0.9471849911681222
779,log2,154,1,3,True,0.3626279447612399
485,sqrt,285,26,19,True,0.8512388546348556
295,log2,230,10,10,True,0.6049543752200086
206,sqrt,182,26,3,True,0.8514809567711267
619,sqrt,221,19,14,False,0.6548849138696416
274,log2,28,37,11,False,0.8434153675873984
612,None,118,49,18,False,0.6454953991159257
47,log2,52,19,10,True,0.804263943972987
769,sqrt,195,46,18,True,1.0390097034229224
436,sqrt,256,36,3,True,0.965655928796469
591,sqrt,69,11,3,False,0.5518734037632913
566,log2,61,31,12,True,0.8990600137116415
472,None,131,10,19,False,0.30250881725690154
482,log2,29,41,19,False,0.8668316074861396
550,log2,140,25,11,False,0.7163430581204354
601,sqrt,100,9,11,True,0.5832028048642514
701,sqrt,271,4,8,True,0.44867564026463547
76,log2,246,40,6,False,0.9050411015558261
648,None,127,39,3,True,0.6072451024685862
24,sqrt,268,16,17,False,0.6559734598543515
436,sqrt,103,22,17,False,0.6983316748445266
15,log2,242,44,2,False,0.9408143780514077
368,sqrt,53,25,19,True,0.8483872880042127
729,None,157,19,11,False,0.35549855266826436
148,log2,24,9,16,True,0.6082562001903609
507,sqrt,251,15,17,False,0.6031627134592261
50,log2,57,39,15,True,1.0345630214087451
687,log2,223,23,12,True,0.8014920141191172
745,log2,19,36,3,True,0.9520321519974598
750,None,202,22,9,True,0.373409277235234
674,sqrt,230,9,19,False,0.518120871918503
732,None,12,25,4,True,0.38887456451555985
586,None,215,34,19,False,0.4897164341930142
136,log2,141,36,20,False,0.8508682424252235
62,None,38,29,11,True,0.45376068495806127
632,None,175,2,16,False,0.2760930401429005
302,None,76,34,6,False,0.4897164341930181
611,sqrt,155,21,15,False,0.6733379297190553
640,None,42,22,2,False,0.3778290316369666
556,sqrt,4,49,19,False,0.9666637554301665
171,log2,18,45,17,True,1.0439863499660023
640,log2,53,15,18,False,0.6001986801592483
376,None,271,42,19,True,0.6306648852497717
534,log2,55,36,12,False,0.8280190316823743
190,sqrt,95,43,2,False,0.9059983700046875
110,None,174,28,6,False,0.4429135814589293
99,sqrt,89,3,14,True,0.5146627597477026
167,log2,130,10,13,True,0.6151776231123379
531,None,224,31,8,False,0.47585307369289415
350,log2,116,24,15,True,0.8292823125087537
295,None,174,8,10,False,0.2761174888098855
535,None,291,16,20,False,0.33524107638662254
700,sqrt,45,29,18,True,0.8716326781519447
467,None,25,34,7,False,0.4897164341930158
519,None,17,17,17,False,0.34149554122648684
401,sqrt,128,24,3,True,0.8285981775663277
84,sqrt,183,45,19,True,1.0614861455306588
192,log2,166,6,12,True,0.5152089986931205
488,log2,159,22,12,True,0.8045942147795092
27,sqrt,270,20,7,False,0.7239675427145608
323,None,61,13,7,True,0.26619981097793305
398,None,237,24,13,True,0.38407504670081116
71,sqrt,53,25,6,True,0.8545999695627259
179,None,63,31,5,True,0.4927178814043153
15,log2,200,39,11,True,1.039923852825245
381,sqrt,198,15,20,False,0.6090042616909637
52,None,42,15,19,True,0.29677837212278496
241,sqrt,10,32,13,True,0.9195961535063422
653,None,92,45,3,False,0.5800653257086886
141,sqrt,81,3,7,False,0.3944897146932969
214,None,199,38,3,True,0.6062226699688767
40,None,155,37,17,False,0.4896874847731703
477,None,207,29,4,False,0.45395413723069655
701,log2,41,7,10,True,0.5373347117436446
684,sqrt,168,26,9,False,0.7236768403143993
349,sqrt,86,16,8,True,0.7121392500552265
88,None,192,42,11,False,0.48968206791257846
713,log2,36,22,13,False,0.6838373378438595
46,log2,140,35,7,False,0.8779455571140922
50,sqrt,84,1,8,True,0.44369963792556577
173,sqrt,126,13,5,True,0.6785174390691572
555,None,175,20,20,True,0.3598614082888867
105,sqrt,48,26,4,True,0.860151678719785
280,sqrt,98,8,7,False,0.49813578595613706
327,None,269,10,4,False,0.3025088172569001
125,sqrt,66,34,20,False,0.8350010787314348
435,sqrt,137,36,5,True,0.9666451890641005
746,sqrt,67,30,12,False,0.7641689449557251
74,None,231,41,18,True,0.6298665232369781
715,log2,135,42,8,True,1.0055086810258473
650,sqrt,140,39,8,True,0.9771885871007022
372,None,268,39,4,True,0.6110580899862778
708,log2,300,33,9,True,0.9223691796717812
632,None,154,28,13,False,0.4429135814589264
153,sqrt,283,48,19,True,1.0699615907956277
630,None,222,7,7,True,0.18596725947679035
776,sqrt,116,29,18,False,0.7626357238747046
128,None,268,24,15,False,0.3938709004580579
306,sqrt,98,48,6,False,0.9185929071984109
535,log2,55,4,15,True,0.5229417875919612
313,sqrt,36,2,7,True,0.41787251199181147
250,sqrt,58,37,4,True,0.9766945727632924
327,log2,35,50,10,False,0.9359116998200396
564,log2,172,47,17,False,0.9032157099024727
402,log2,68,39,19,True,0.9863364789799713
225,sqrt,292,37,10,False,0.8567016260356367
641,None,133,32,14,False,0.48971643419301386
681,log2,62,5,3,True,0.48031538035333243
28,None,212,20,13,False,0.36223652200170015
507,None,252,1,6,True,0.1378600136713829
212,sqrt,32,27,8,True,0.8539098159364616
547,sqrt,225,40,19,True,0.9879048166994396
101,sqrt,86,2,12,True,0.4650272002230435
510,None,141,39,17,False,0.49039538651283143
740,sqrt,123,47,15,False,0.9008938347255545
675,log2,262,45,17,True,1.0314982877785217
124,None,192,32,8,False,0.48971643419301786
267,sqrt,59,45,17,False,0.9055338617435146
13,sqrt,79,44,14,False,0.9595417667928743
752,None,199,8,11,False,0.2761174888098837
656,None,21,42,8,False,0.4896820679125761
481,sqrt,228,35,10,True,0.954281909330863
258,sqrt,243,46,6,True,1.0471671578666069
188,None,90,11,12,True,0.2455038271038312
483,log2,23,7,8,True,0.5494242303316031
759,log2,91,39,15,False,0.8379178348212616
771,sqrt,157,41,8,False,0.8531016050685114
7,None,37,20,11,True,0.3525814189038681
384,sqrt,70,30,12,True,0.8968145085757575
509,None,192,36,15,True,0.5734760502644223
414,log2,257,38,10,True,0.9786753376526959
326,sqrt,156,14,20,False,0.5966704440408271
147,sqrt,69,7,19,False,0.5183369105406662
11,log2,285,22,2,False,0.6636289526879782
233,sqrt,250,3,13,False,0.43001374241108453
322,sqrt,2,10,20,True,1.340366425762048
162,sqrt,261,40,8,True,1.0064196560618082
202,None,121,34,18,False,0.4897164341930182
427,sqrt,154,47,3,True,1.051004775533557
533,None,226,27,17,True,0.406647915553497
573,None,86,1,12,True,0.1716914954691193
60,sqrt,183,5,11,True,0.5280433690737638
284,sqrt,290,2,8,True,0.4316357138231193
540,sqrt,136,32,10,False,0.7911007050447876
640,sqrt,275,42,6,False,0.8671855347144414
537,None,237,38,20,True,0.5986837346425863
477,log2,156,11,19,True,0.6239209024214589
700,log2,32,13,2,False,0.5729604802076084
66,sqrt,79,30,2,False,0.8177726442006831
424,None,84,40,10,True,0.6177142387189604
58,None,269,40,5,False,0.4903953865128334
385,None,270,37,7,True,0.590018433170725
225,log2,255,46,4,True,1.04631716357649
573,sqrt,185,9,9,True,0.5820466881822416
420,None,241,28,6,False,0.4429135814589282
727,log2,290,17,5,True,0.720334965569355
640,None,232,42,18,False,0.489682067912576
711,sqrt,150,21,17,True,0.7829050144578642
59,None,169,9,2,True,0.22078482941490174
384,log2,102,14,10,True,0.6826056659026388
214,sqrt,65,2,2,False,0.3748355978753328
77,sqrt,64,35,5,True,0.9587178917062066
517,sqrt,265,23,3,True,0.8076202732682246
309,sqrt,193,6,10,True,0.5164004607486689
538,sqrt,194,41,20,False,0.8585962971374789
309,None,238,23,11,True,0.38218094935662467
777,sqrt,163,48,13,True,1.0531466232979367
83,log2,39,13,3,False,0.5863483902092899
507,log2,288,32,14,True,0.9145935583317041
530,sqrt,165,4,6,True,0.45096202976317246
131,log2,201,28,17,False,0.7579930154587163
695,sqrt,249,39,18,True,0.9769388932279689
346,sqrt,82,38,8,True,0.9787155355679547
244,sqrt,149,20,11,False,0.6810129514450466
423,None,44,17,4,False,0.34149554122648734
428,log2,59,10,20,False,0.5362986524352985
756,log2,137,21,2,False,0.6709327445988563
665,sqrt,212,50,16,False,0.9239106258274484
191,log2,248,30,5,True,0.8979672158616383
413,sqrt,245,34,3,False,0.8194585885805803
211,log2,129,36,8,True,0.9529983732315491
748,None,182,41,18,False,0.4901620014938605
536,sqrt,110,46,7,False,0.8969949705967702
224,None,293,1,19,True,0.22405103569571796
425,None,203,43,15,True,0.6317307878312195
168,None,18,7,2,True,0.18862270823624042
625,log2,228,16,15,False,0.6147560109001254
95,None,135,41,9,True,0.6316164273973576
462,sqrt,133,27,8,False,0.7393890692153406
110,sqrt,267,5,5,False,0.44450154118156077
767,sqrt,18,17,10,True,0.7223700879672449
537,None,196,8,6,False,0.2761174888098862
188,None,144,40,13,False,0.490395386512833
706,log2,264,37,6,True,0.9600711165177199
147,sqrt,240,47,3,True,1.0685724278544768
539,log2,27,9,3,True,0.5812443062792122
95,None,181,11,4,True,0.24793001697800612
773,sqrt,112,11,9,False,0.5476585932169574
782,log2,79,35,14,False,0.8086789988164003
313,log2,45,29,3,False,0.7803637271873377
261,None,169,12,4,False,0.3239305705541762
442,sqrt,170,27,7,True,0.8653483914523975
695,None,253,10,16,True,0.2281238762086648
727,sqrt,57,37,9,True,0.9599618514602293
646,sqrt,43,8,12,False,0.4953395366111315
464,log2,232,42,7,False,0.8811435725760058
439,sqrt,251,46,7,True,1.0488364086601814
194,None,109,33,12,False,0.489716434193018
350,None,210,25,9,True,0.39083889864503724
323,sqrt,2,40,5,True,1.335831903766218
179,sqrt,252,48,9,True,1.0710196983958238
144,None,213,42,5,True,0.6380611764870832
348,log2,268,42,14,False,0.8843405628608462
153,sqrt,43,5,10,False,0.4437368108142273
374,None,3,34,9,False,0.707891622837021
614,sqrt,297,6,12,False,0.44993874380128157
606,sqrt,59,23,3,False,0.6943664139447928
516,log2,67,11,17,False,0.5535930512876603
205,sqrt,249,46,6,True,1.0359242134061695
337,log2,237,11,20,False,0.5554946015762326
363,sqrt,238,12,10,False,0.5657536577847092
650,None,45,17,4,True,0.32183818004466264
588,None,85,17,13,False,0.3414955412264873
683,log2,241,49,18,False,0.9177162146516685
513,None,0,45,4,False,0.58006532570869
409,sqrt,283,6,14,False,0.47141209587383154
282,sqrt,268,3,8,True,0.4357635836532927
769,log2,269,22,8,False,0.6827780417817778
308,sqrt,280,30,13,True,0.8944196669439498
617,None,244,41,14,False,0.4901620014938602
428,sqrt,109,24,2,True,0.8307964576057386
92,sqrt,293,35,2,True,0.9710866618611429
376,log2,98,30,12,False,0.7830323295074221
782,sqrt,161,33,20,False,0.7947032819789257
602,sqrt,96,28,4,False,0.7434707315664214
371,log2,292,3,4,False,0.3789926261783927
98,log2,223,5,13,True,0.5350548338863687
580,None,62,19,19,True,0.34931822525634365
37,log2,46,24,16,True,0.912072604583706
643,None,40,4,19,False,0.2954743296684948
330,sqrt,206,29,17,False,0.7814029058843138
119,None,98,44,18,True,0.6406100351508295
708,None,192,50,8,False,0.6454953991159265
541,sqrt,111,23,4,False,0.6942441577740684
397,sqrt,218,24,12,False,0.7141389385033134
107,None,99,37,10,False,0.48968748477317003
292,sqrt,200,20,15,True,0.7806426362487769
699,log2,24,38,5,False,0.8288017977162254
66,sqrt,245,42,14,False,0.9128748367191145
654,None,296,17,12,True,0.3219295395967046
791,None,100,4,16,False,0.2760930401428985
370,log2,192,47,12,False,0.915024501794455
477,None,156,38,17,False,0.4908628394296753
568,log2,107,7,2,False,0.4722998489697363
187,log2,131,44,6,False,0.9093268382224166
794,sqrt,171,15,15,True,0.6878129838028788
10,sqrt,109,10,12,False,0.6543465281728008
582,None,235,9,4,False,0.28804834242438004
726,None,13,3,13,False,0.25727939185534726
695,sqrt,55,25,20,False,0.7132822852362608
36,sqrt,121,46,15,True,1.1176951674637017
269,None,288,34,17,True,0.5495677187262201
604,log2,158,9,18,True,0.5833517163518884
187,None,181,25,15,False,0.39753401766550917
729,None,238,13,4,False,0.3258641619141342
583,log2,297,38,19,False,0.8322036450086315
262,sqrt,77,1,20,True,0.5318934574650099
332,sqrt,293,37,12,True,0.9698640203145003
783,None,208,39,9,True,0.6068986093900736
301,log2,151,43,6,False,0.8936274533079303
766,sqrt,280,30,18,True,0.8882781935612951
97,sqrt,170,14,20,True,0.6954536940658343
478,log2,239,49,18,False,0.928909104568271
125,sqrt,279,5,8,False,0.44008576001981053
145,None,280,10,12,False,0.3025088172569001
274,log2,260,2,14,False,0.4335980795133397
747,log2,179,39,14,False,0.8377821092222161
543,log2,155,29,14,True,0.8712488361377915
137,sqrt,1,21,12,True,1.6893958270894256
595,sqrt,39,12,4,True,0.6385067673162695
615,None,144,26,11,True,0.3960570067059617
657,log2,122,41,6,False,0.8564653686005231
759,log2,210,46,3,False,0.8940188353920687
297,sqrt,77,9,2,False,0.5127187573263257
741,None,96,18,18,False,0.3570682960712906
732,log2,119,5,9,True,0.47966569633549355
374,log2,192,15,17,False,0.6089911396182943
747,sqrt,198,32,10,False,0.7847034492891846
308,log2,28,8,9,False,0.501332686700176
539,log2,65,34,9,False,0.811988068007557
10,log2,94,4,11,True,0.5245331996736593
616,None,87,22,19,False,0.3778290316369666
372,sqrt,43,16,19,True,0.711589723243764
153,sqrt,110,27,15,False,0.7504131143536742
199,sqrt,46,19,9,False,0.6626426720949342
731,sqrt,126,26,20,False,0.7198866401626419
448,None,38,17,5,True,0.3225388895446781
751,log2,177,35,20,True,0.9422515094786496
666,log2,147,13,4,True,0.6532713198740617
299,log2,103,14,9,True,0.6808939808722695
349,sqrt,130,26,6,False,0.7368132191974537
496,sqrt,235,15,11,False,0.6048229182062442
23,None,67,47,11,True,0.6455221433835395
323,None,30,21,3,True,0.37256847148291455
602,None,136,25,7,True,0.3888302846301219
236,sqrt,298,39,12,False,0.8716080717037614
339,log2,139,18,15,True,0.7460023316762573
573,sqrt,115,39,3,False,0.8416468678670282
302,log2,287,19,13,False,0.6624175608298831
522,sqrt,139,49,18,True,1.0613054200532346
188,log2,94,34,10,False,0.8277575570182248
354,sqrt,71,30,9,False,0.7812684207278054
365,None,285,17,14,True,0.32351460874823873
79,log2,145,1,4,False,0.3771708623496397
59,log2,298,30,17,True,0.9155652224866588
384,sqrt,230,5,13,True,0.5152878533212888
295,sqrt,166,19,8,False,0.6625742512284919
535,log2,300,46,7,True,1.04328001525534
434,None,175,14,3,True,0.27607057060259155
609,log2,159,5,7,False,0.4297484111045913
519,log2,218,50,4,False,0.9284682686817095
648,log2,134,3,11,False,0.4210475648538526
467,None,50,9,11,False,0.2880483424243791
416,sqrt,201,19,14,True,0.7650829454744366
55,sqrt,255,29,4,False,0.8225250252244227
735,sqrt,128,6,9,True,0.5113144712833705
104,log2,250,7,19,False,0.5231522116478843
59,sqrt,99,28,16,True,0.8911541224378793
280,log2,87,32,10,False,0.7910784472881528
92,sqrt,270,46,3,True,1.073573482182468
465,sqrt,134,37,18,True,0.9715166600966166
362,sqrt,270,20,2,False,0.6736192928910641
558,None,169,6,5,False,0.24893256355331886
346,sqrt,96,15,6,False,0.6082780670700934
668,log2,276,1,19,True,0.5215495466219221
75,sqrt,288,45,15,False,0.9231985491840148
75,log2,251,21,18,False,0.6958383423217119
109,sqrt,196,13,15,False,0.5883995341828979
453,None,176,30,2,True,0.46302052575296376
97,sqrt,214,49,6,False,0.9504827126708605
39,None,92,47,7,True,0.6440953470870028
175,log2,145,11,16,True,0.6271706727120298
392,None,94,4,18,False,0.2870522471181513
497,log2,256,4,17,False,0.47486464699753256
701,log2,1,12,18,True,1.6126024670543708
470,None,204,12,15,True,0.253781521389674
384,sqrt,136,35,2,False,0.8278084256163165
159,log2,299,38,7,False,0.8612076016116116
151,sqrt,5,8,15,False,0.7890048450082524
385,None,300,35,5,True,0.5593347449039712
85,log2,193,31,9,False,0.7976236931548158
208,log2,6,29,16,False,0.7957351747209098
789,None,64,19,2,True,0.34930703649630357
312,sqrt,73,32,11,False,0.7942558933905461
142,log2,12,41,2,True,1.0116506622610102
673,None,205,10,3,True,0.22852734775136238
345,None,136,15,19,True,0.29155846593361284
408,log2,52,48,10,False,0.9241109444685968
363,None,283,32,16,False,0.4897164341930172
476,sqrt,174,17,18,False,0.6347271635817076
772,sqrt,224,47,13,False,0.9016825110034263
399,None,126,48,14,True,0.6373630804221858
509,sqrt,126,43,8,True,1.0224929060461199
456,None,35,2,2,True,0.13211678162632373
28,sqrt,256,2,19,False,0.55845279285107
121,log2,243,2,15,False,0.4539056848911352
490,sqrt,104,8,10,False,0.5014884014302085
554,log2,170,19,17,True,0.7524821442608912
705,log2,65,1,4,False,0.3476562179480043
182,None,192,31,19,False,0.47585307369289725
166,log2,36,34,19,True,0.9592178055854798
439,log2,56,9,15,True,0.590177419720705
177,sqrt,67,27,9,True,0.8669010910275726
429,sqrt,268,44,17,True,1.0319801879955393
457,sqrt,89,31,19,False,0.7877234763959483
271,log2,246,10,11,False,0.5263272199334429
443,None,250,23,6,False,0.3904528269918282
52,None,132,20,7,False,0.3622365220017001
294,None,40,10,10,True,0.23125255959457744
312,sqrt,234,41,11,True,1.0021743099919627
781,sqrt,153,40,4,True,0.9837867902244634
615,sqrt,200,4,15,True,0.521599064159624
361,None,159,11,8,True,0.2434446078545974
274,None,226,26,18,False,0.3967607565439814
394,log2,118,32,2,True,0.9128736307330975
244,sqrt,184,47,17,True,1.0648315998906794
383,None,198,35,20,False,0.48971643419301686
440,None,25,23,16,True,0.3790125287287238
474,sqrt,149,14,16,True,0.684185175550975
507,None,280,32,18,True,0.5063425785793064
478,log2,79,35,10,True,0.9540041002765342
358,sqrt,212,42,6,True,1.0074883842052582
708,None,257,23,20,True,0.3781040373813836
263,log2,177,39,5,False,0.8658805451953556
138,None,82,22,5,False,0.3778290316369692
220,None,127,21,2,True,0.3749931559741893
136,None,96,12,12,False,0.32393057055417646
565,log2,45,44,2,False,0.884990171749676
456,sqrt,275,42,2,True,1.0180594002335865
586,log2,67,16,6,False,0.6148120677621108
47,log2,283,42,6,False,0.9505538766885463
469,sqrt,80,36,18,False,0.8394134720958396
107,sqrt,155,17,16,False,0.6323768535639759
60,sqrt,188,9,18,False,0.5431443654775557
326,None,285,41,14,False,0.490162001493863
765,None,209,48,5,False,0.6454953991159266
488,sqrt,42,6,7,False,0.4535999739904654
755,log2,234,47,9,True,1.0460787227914032
377,log2,155,7,4,True,0.5471638458922183
67,sqrt,143,20,5,False,0.7006711462516911
99,sqrt,156,41,6,False,0.8844644525677349
599,sqrt,36,18,10,True,0.7390081813850986
744,log2,148,46,18,False,0.892944934601465
51,sqrt,99,36,14,False,0.8901097402305327
738,sqrt,31,39,11,False,0.8375915363802355
70,None,5,14,20,False,0.3610920817248724
466,sqrt,239,33,15,False,0.811359311478837
639,log2,246,27,8,False,0.731269943403077
342,log2,162,45,4,True,1.033280590142657
594,None,237,21,14,True,0.36793301695246683
287,sqrt,149,3,10,False,0.40752012290874345
133,sqrt,88,15,3,False,0.6196555670679875
226,sqrt,218,44,17,True,1.0272108285402952
473,log2,258,34,11,True,0.9446651391169386
480,None,142,48,18,False,0.6454953991159273
44,None,197,37,19,False,0.4896874847731703
166,log2,191,28,10,True,0.874136681542323
498,sqrt,247,38,20,False,0.8414250437874816
305,None,11,13,14,True,0.26655086692176067
646,None,187,30,13,False,0.47215481312720115
541,log2,16,2,9,False,0.3978997980907845
435,log2,48,18,12,True,0.7474009100144304
101,log2,41,17,16,False,0.6340391633502953
535,log2,12,5,14,False,0.4588435902851135
393,sqrt,132,3,18,True,0.5333037273402597
119,sqrt,211,8,6,False,0.5303409663617066
470,sqrt,136,31,20,False,0.7904403364034822
449,None,67,45,16,False,0.5800653257086906
488,sqrt,167,43,2,False,0.8886701439324561
351,None,83,44,4,False,0.5342992346340131
603,None,40,4,14,False,0.2677724552425362
637,sqrt,50,46,13,False,0.8946406582305553
405,log2,222,40,8,False,0.8639212698409878
686,sqrt,173,27,10,True,0.8518554071541903
503,log2,42,34,13,False,0.8185487546588422
627,log2,58,21,5,True,0.7841517861219606
156,None,249,8,18,True,0.21724676921073005
176,log2,96,2,4,True,0.39532164538950276
210,sqrt,124,32,15,False,0.7873232340701487
750,log2,169,26,13,True,0.8403080068300571
58,log2,192,20,8,True,0.7989164378801737
491,None,277,47,12,True,0.636327406525183
58,sqrt,269,28,6,True,0.8959914282781568
453,sqrt,51,43,13,True,1.027593834098594
69,None,75,45,6,False,0.5800653257086927
91,None,226,44,11,True,0.638785229911064
778,sqrt,298,20,15,False,0.6633928206319796
608,log2,142,25,10,True,0.8331610583669771
241,log2,125,40,13,True,1.004604070906373
362,None,33,18,6,False,0.35706829607128876
628,log2,251,36,14,False,0.8186431507773442
543,sqrt,166,21,20,False,0.671535806702495
49,log2,46,47,20,True,1.1165437826691693
326,log2,158,28,20,True,0.8707400080380792
548,sqrt,263,19,5,False,0.6544690408877268
745,sqrt,4,30,11,True,0.9558763550404468
58,log2,148,40,20,True,1.0276593112069048
536,log2,118,5,5,False,0.4317491702626531
226,None,67,35,13,True,0.5641472392627321
596,log2,295,36,5,False,0.8196104695764324
766,sqrt,112,31,20,True,0.8994140306333307
353,None,176,26,17,True,0.3971221931080831
39,sqrt,170,13,12,False,0.6083906259551886
580,sqrt,154,14,19,False,0.5943897004085145
398,sqrt,51,5,17,True,0.543196346841904
789,log2,9,23,18,False,0.6930495394502287
440,None,20,22,10,True,0.37521235774773026
311,sqrt,126,20,10,True,0.7827869456904998
361,sqrt,107,6,18,False,0.5014396050495866
797,sqrt,194,9,9,True,0.5811182470161974
627,sqrt,68,21,8,False,0.6720011493109596
201,None,209,35,11,False,0.4897164341930182
175,log2,77,9,14,True,0.6049244706630287
634,log2,36,35,11,True,0.9426962419586175
779,None,227,44,13,True,0.6325515147009687
25,None,42,2,7,True,0.1489586066204882
584,log2,290,48,15,True,1.0549374397148221
31,sqrt,259,49,8,False,1.0010955432146886
727,log2,264,33,19,False,0.7949042612180789
87,sqrt,100,16,14,True,0.7069224989034096
429,log2,128,8,14,True,0.5698801278121716
378,None,270,19,20,True,0.352056575619697
570,sqrt,188,42,20,False,0.8685768723472478
497,log2,54,30,15,False,0.7748080773710541
357,log2,176,43,20,True,1.015589715899316
479,log2,288,8,8,True,0.5714228757804304
480,sqrt,226,29,7,False,0.7729066283598739
461,log2,161,35,13,False,0.829726619132999
89,None,132,46,18,False,0.6073946246387023
153,None,95,2,5,False,0.21895661751902395
130,None,62,5,4,True,0.1619690991782775
451,sqrt,156,4,20,False,0.4981294744507412
305,sqrt,284,8,3,True,0.5637614138391257
370,sqrt,234,13,8,False,0.5791653705153587
26,log2,281,24,17,True,0.9141217098559015
6,log2,125,40,17,False,0.8542661148825855
657,log2,164,47,3,True,1.0473056870539346
543,sqrt,16,29,6,False,0.7637947295214275
198,log2,161,24,13,True,0.8270892157214957
320,sqrt,241,38,12,False,0.8528697818885033
176,None,288,17,12,False,0.34149554122649
112,None,267,3,9,True,0.154634422610147
465,log2,41,44,16,False,0.896449654024337
649,sqrt,111,25,5,True,0.8308401207627112
119,None,19,38,16,False,0.4908628394296768
669,sqrt,88,8,4,False,0.494717958304959
419,sqrt,101,19,5,False,0.6639166834042783
94,log2,198,24,3,False,0.7318998752392013
362,sqrt,278,39,8,True,0.9850182355722202
100,sqrt,None,49,14,True,1.082660252178889
492,None,67,4,20,True,0.22786916050529302
229,None,159,33,13,True,0.5318696763417768
304,sqrt,193,8,13,True,0.5639486601207148
602,log2,54,48,6,True,1.0562648361210394
346,None,4,47,20,False,0.6170438898058289
705,sqrt,299,31,17,False,0.7747700392338671
287,log2,141,25,16,False,0.7231046736157628
717,log2,10,12,3,False,0.5615885964656537
731,None,181,38,4,True,0.5979986655896452
339,sqrt,212,25,5,True,0.8504047842322454
602,None,158,36,16,True,0.5731329834176556
371,sqrt,244,7,15,False,0.49158944321501724
417,None,138,34,16,False,0.4897164341930164
149,None,138,9,16,True,0.21823314399835225
183,log2,268,40,10,False,0.8901540264877079
782,log2,186,28,12,True,0.8589256741770375
72,log2,205,30,16,False,0.8072737442915995
434,sqrt,52,9,7,False,0.5208696991592894
123,None,151,28,15,True,0.4334299644584887
417,log2,144,30,13,True,0.8996410772198696
749,log2,160,42,11,False,0.8656543917554865
672,None,298,16,4,False,0.335241076386624
233,sqrt,138,7,3,True,0.5452310920318341
692,sqrt,132,32,5,True,0.9048306295634564
768,None,250,28,9,True,0.4230474555029078
418,log2,182,40,5,True,0.9978091103030199
355,log2,23,45,9,True,1.0323600099847476
99,None,227,6,4,True,0.17486140362284228
604,None,32,30,2,True,0.46302584728882507
83,sqrt,210,3,14,True,0.5218845269231723
122,log2,254,9,14,True,0.6116673460724891
685,log2,210,6,7,False,0.4498962382679512
344,log2,84,2,2,False,0.3680790219687112
83,log2,143,43,6,False,0.9239893912569382
793,log2,75,26,3,False,0.7199244506320109
222,sqrt,265,29,20,True,0.8864208259715333
717,sqrt,47,16,10,True,0.7012468600408077
217,log2,280,27,12,False,0.7514326655779909
722,sqrt,69,45,10,False,0.8857069429948771
760,log2,227,42,11,False,0.8665217887412228
135,sqrt,152,22,17,True,0.816091999183408
630,log2,132,24,3,False,0.7062718210168395
384,None,29,32,15,False,0.4897164341930169
581,log2,145,48,3,False,0.9153592524811315
123,log2,147,23,14,False,0.7163750136553446
488,None,20,15,20,False,0.3360507230650751
656,None,198,17,6,False,0.3414955412264882
206,log2,179,50,4,True,1.0648251411259853
246,log2,300,12,7,False,0.5690053257953308
491,None,252,44,13,True,0.6330679543764163
624,None,109,29,8,False,0.4539541372306946
768,log2,151,16,11,True,0.7029961850391492
33,None,269,33,7,False,0.48971643419301825
327,None,138,28,20,True,0.42564259216762457
529,sqrt,100,16,8,False,0.6145750266042814
560,log2,19,9,18,True,0.5803794932708078
488,None,90,41,10,False,0.49016200149386147
223,sqrt,34,7,13,True,0.5464259402218259
428,None,120,20,6,True,0.36093189070723225
564,None,267,11,6,False,0.30912448406701615
480,sqrt,118,31,11,False,0.7881970793558019
593,log2,263,5,7,False,0.4305882854229776
725,sqrt,62,6,19,True,0.5671622956536334
593,log2,220,4,4,True,0.4521563027739326
295,log2,295,16,18,False,0.6192880135565014
701,sqrt,56,14,15,False,0.5939634965961279
526,sqrt,52,7,15,True,0.5419839905154182
406,sqrt,108,47,10,False,0.9141802601315098
556,None,82,48,19,True,0.6366816285209087
41,log2,279,24,10,True,0.8894751701460173
75,log2,23,33,17,True,0.933793418967559
309,log2,67,20,2,False,0.6702678422694898
143,sqrt,207,24,12,True,0.8383474763833663
269,sqrt,217,23,8,True,0.8090725511492604
341,None,18,10,2,False,0.3025088172569002
68,None,123,27,15,False,0.4196169452111662
166,sqrt,49,4,5,False,0.4119791726047685
163,sqrt,271,30,14,False,0.7926103581971834
725,None,265,11,16,True,0.24101419833073148
132,None,270,22,20,False,0.37782903163696924
604,sqrt,175,26,4,False,0.724976792760069
209,log2,162,18,6,False,0.6452158214105196
82,log2,241,7,12,True,0.5658770123617299
136,None,39,16,13,False,0.33524107638662426
590,log2,234,32,12,True,0.9080298642229291
532,None,113,7,9,True,0.1863861791823381
599,log2,45,11,9,False,0.5521223682114175
366,None,165,22,15,True,0.37700091696872384
165,sqrt,239,8,15,False,0.5146224632904647
417,None,265,41,17,True,0.6258179596285663
267,log2,201,17,13,True,0.7301672887068942
496,sqrt,86,12,7,True,0.6440397895634061
33,sqrt,182,26,20,True,0.9473361169368775
420,log2,46,25,17,True,0.8467166191171422
45,sqrt,36,18,14,False,0.7045049449633277
542,log2,45,13,16,True,0.6547461281662947
32,None,242,24,20,True,0.39458634978734053
631,log2,228,16,15,False,0.6143506831480042
516,log2,298,24,5,False,0.7125290343877304
255,sqrt,270,48,17,False,0.9323458560782526
462,sqrt,207,33,11,True,0.9332992683256075
778,sqrt,153,44,6,False,0.8805453634150163
603,log2,68,18,15,False,0.6414094235068436
543,sqrt,149,4,8,True,0.4510960708515401
633,None,259,6,8,True,0.17249103755867087
657,log2,127,3,15,False,0.4480391534443416
121,log2,260,4,3,True,0.4659718106796646
724,None,72,48,18,False,0.6454953991159265
494,log2,127,24,17,False,0.7139312108233785
17,sqrt,181,39,8,False,0.9027494870214886
576,sqrt,12,18,9,False,0.6390714109885022
284,None,55,30,12,False,0.4721548131272038
17,sqrt,39,38,4,False,0.9032742411943552
735,None,54,43,8,True,0.6297845827407359
655,sqrt,101,29,5,True,0.8721065880945256
555,sqrt,69,11,17,True,0.6162279219804124
719,log2,177,9,17,False,0.5080011683485426
490,sqrt,52,10,4,False,0.5339174644305965
758,log2,188,15,4,False,0.5979777655964236
331,sqrt,21,37,13,False,0.8465554652636472
333,sqrt,None,7,7,True,0.5463335209566987
640,None,181,12,8,False,0.32393057055417745
297,None,164,12,11,True,0.25677600810886425
264,None,81,43,17,False,0.4897843872243757
181,None,257,24,6,False,0.39387090045805784
30,log2,257,13,2,True,0.741316217026832
402,None,123,2,13,True,0.17961527525961948
168,sqrt,42,10,3,True,0.6131932453269195
341,sqrt,122,9,5,True,0.5870227706519553
179,None,115,5,17,True,0.2097048688249279
725,None,115,44,8,False,0.5342992346340095
795,sqrt,147,49,17,True,1.058100974620255
559,None,14,25,16,True,0.3894152547957644
295,log2,237,1,7,False,0.3717074794424633
448,log2,232,37,2,True,0.9700170464802115
766,log2,158,29,10,True,0.8744508370679185
462,None,238,25,17,True,0.3893466922495226
311,sqrt,13,40,4,False,0.8681822611609329
720,sqrt,74,49,5,True,1.0601142396833119
751,sqrt,58,19,3,False,0.6517352129325286
545,log2,244,13,3,True,0.6548333114856842
523,None,150,30,10,False,0.47215481312720203
701,None,223,35,18,True,0.5591812043765798
53,None,97,39,4,True,0.6169875047229872
149,sqrt,296,10,6,True,0.6136807696438581
797,log2,136,48,7,True,1.0525075125499959
382,None,202,5,18,False,0.28705224711815114
650,None,270,38,2,True,0.5986346172822464
338,None,250,48,7,True,0.6390797705227816
716,log2,292,10,7,False,0.5270769465651292
298,sqrt,240,23,17,False,0.7046911539251748
363,log2,117,38,12,True,0.9754303156432825
512,log2,179,41,17,True,1.0037518699043095
378,log2,201,41,20,True,1.0057220283965471
247,None,6,37,17,False,0.4896874847731703
213,log2,269,41,9,True,0.9966525676838853
542,None,17,37,3,False,0.4896874847731671
391,None,99,18,12,False,0.35706829607128876
503,sqrt,180,1,19,True,0.5266224051021696
415,log2,75,47,13,False,0.9132989860656088
454,log2,147,22,4,False,0.6956952580820895
571,None,288,13,18,False,0.3258641619141321
448,None,3,21,15,True,0.6352431050321538
448,None,185,21,14,True,0.369554887305086
208,None,219,34,4,True,0.5486891999084489
366,sqrt,169,31,5,True,0.9101621973270912
306,sqrt,131,50,7,False,0.9331925104408677
540,sqrt,292,16,18,False,0.6138205832705831
253,None,117,35,8,True,0.5639776382654261
753,sqrt,200,5,15,False,0.4663344275764261
16,log2,75,10,12,False,0.6333130786476605
708,sqrt,195,33,12,True,0.9223691796717812
298,log2,49,9,18,False,0.5139660793428792
760,None,287,10,20,False,0.3025088172569023
705,log2,140,44,18,True,1.0206472511264835
98,None,239,5,4,True,0.16228630902940488
42,sqrt,108,17,18,False,0.664788587699241
63,log2,89,27,13,False,0.7660257164996221
537,None,109,35,6,True,0.5587728400422255
113,sqrt,227,44,15,False,0.9239790908163507
171,sqrt,206,46,6,True,1.05164119733542
98,sqrt,250,23,4,False,0.7195760743057912
189,sqrt,188,11,11,True,0.6252234615904714
519,None,35,4,14,True,0.1851828817803004
350,sqrt,166,31,16,False,0.7915830910077672
352,log2,176,18,2,False,0.6510408673608538
241,None,6,2,7,False,0.2927839838793587
573,log2,184,27,8,False,0.7301983930403405
581,log2,145,45,6,True,1.0323469555219658
361,None,208,34,12,False,0.4897164341930172
282,sqrt,125,8,19,False,0.5087695597301641
492,log2,279,45,10,True,1.0407927061170867
715,sqrt,186,1,10,True,0.43267045396590936
154,None,267,21,13,True,0.37683718871345845
452,sqrt,264,2,5,True,0.40186760864028503
29,sqrt,92,45,19,True,1.1168159349950555
345,None,163,23,19,False,0.3904528269918294
200,sqrt,170,50,9,False,0.9477301017349928
469,None,22,42,9,True,0.6286729700946073
660,None,125,21,9,True,0.3689285853412469
508,sqrt,266,26,18,False,0.7280287628661003
457,None,258,34,19,False,0.489716434193016
633,None,59,1,8,False,0.22864893366372932
416,None,298,39,15,False,0.49039538651283215
5,None,209,43,4,False,0.48978438722437634
552,None,185,5,12,False,0.24835307649417895
492,log2,90,27,11,True,0.8583038403888859
46,log2,31,13,5,False,0.6081356862469512
751,sqrt,49,46,2,True,1.0386325344193763
608,sqrt,184,22,19,True,0.7958710278026304
413,log2,229,1,9,False,0.38919954495639003
509,log2,283,6,16,False,0.4810538863367812
603,sqrt,292,29,9,False,0.763203190663892
56,sqrt,24,30,6,True,0.9210698087049863
696,log2,125,8,11,True,0.5599029979407532
5,None,149,45,20,True,0.6485882144503159
789,sqrt,37,12,10,True,0.6368398230337534
780,sqrt,297,20,4,True,0.7641047560961338
762,sqrt,77,40,7,False,0.8481936315764361
491,log2,5,23,13,False,0.795267465202269
150,sqrt,120,38,15,True,0.9970643807312185
209,log2,23,41,19,True,0.9916445490910929
33,log2,264,9,18,False,0.5573803992488205
219,None,66,41,11,False,0.49016200149386346
298,log2,254,2,9,False,0.39650469149377243
435,log2,26,45,2,True,1.0432666353723352
426,log2,153,14,11,True,0.6835328415075427
568,sqrt,151,12,13,True,0.6385375333666236
95,sqrt,199,20,9,True,0.7897451617652926
249,log2,71,5,2,False,0.4315354875256887
104,log2,289,22,3,True,0.8097897236384956
379,None,163,8,5,True,0.2012339152042617
648,sqrt,228,35,14,True,0.9419742501434684
361,log2,62,21,2,True,0.8028267368477126
554,None,108,21,4,False,0.3653253653970619
229,None,45,40,2,False,0.49039538651283293
371,log2,51,13,15,False,0.5789969145257651
553,log2,108,48,3,False,0.9134046286913292
755,log2,20,8,11,False,0.49231520001792245
774,log2,63,46,18,True,1.038162367977997
755,None,93,34,20,False,0.48971643419301447
321,None,145,8,11,True,0.20200245932206515
575,log2,112,41,10,True,0.9967786851372061
208,sqrt,179,19,11,False,0.6607975423599407
236,sqrt,124,27,8,False,0.7543210551170492
93,sqrt,33,48,4,False,0.9515730075187422
546,None,278,8,17,True,0.2072975846089252
224,log2,171,35,4,False,0.8387521058662643
719,sqrt,204,2,17,False,0.45646356046471664
373,None,286,11,7,False,0.3091244840670151
94,None,78,4,2,True,0.15076320876246171
431,log2,26,22,20,True,0.8096796506017486
362,sqrt,265,29,7,True,0.8824940565957081
518,None,222,3,20,False,0.30211030606695216
458,log2,215,21,6,False,0.6798767550373009
157,sqrt,132,10,12,True,0.6101426680849895
17,sqrt,1,37,2,True,1.7087561148254202
513,log2,20,25,7,False,0.7192139615094305
419,sqrt,177,40,18,False,0.8623829544087759
482,None,154,10,20,False,0.3025088172569017
288,None,104,24,19,False,0.3938709004580579
797,None,260,19,18,False,0.355498552668265
457,log2,105,25,8,False,0.7214588950283195
352,sqrt,22,11,6,True,0.6185076631518295
336,sqrt,24,12,16,False,0.5674685306197148
384,log2,24,6,11,False,0.45419149288980853
557,log2,243,35,10,False,0.8166243873949502
119,None,68,23,8,False,0.39045282699182965
336,None,266,2,9,True,0.15268987744387688
509,None,276,15,12,True,0.28947246714347546
83,log2,153,17,3,True,0.7277666099367246
434,sqrt,52,34,14,False,0.822987696628986
575,log2,56,37,11,False,0.8299024779821994
143,sqrt,232,1,15,True,0.5193893331774855
624,None,157,34,3,True,0.5434116829265635
490,None,31,6,20,True,0.22783220902066656
636,None,197,24,12,False,0.39387090045805556
294,sqrt,243,29,12,True,0.8813100207059588
97,None,242,30,11,True,0.47577869797120065
111,None,48,3,3,True,0.14069139015194188
545,None,12,22,19,False,0.37782903163696724
725,sqrt,111,34,10,True,0.9329133170739237
645,log2,199,26,11,False,0.7239022862771511
440,sqrt,28,5,14,False,0.4630123335831176
579,None,204,10,14,False,0.3025088172569021
378,log2,69,24,12,False,0.7168028659413714
523,None,180,7,16,True,0.19932692030845675
329,sqrt,127,44,2,False,0.8970566441273147
790,sqrt,294,41,3,True,0.9934512212918297
299,sqrt,179,7,9,False,0.47271297076013763
581,log2,23,12,3,False,0.5606899657401526
56,log2,28,9,4,True,0.6362685137547391
560,None,285,36,16,True,0.57372588661195
314,log2,297,10,8,True,0.6027490662236598
762,log2,231,21,3,True,0.7839947080467989
482,sqrt,23,35,15,False,0.8295333380454956
676,sqrt,138,21,17,True,0.7820201748048001
568,log2,156,32,6,True,0.904997106460125
710,None,185,21,12,False,0.3653253653970619
391,sqrt,240,44,4,True,1.0251914258189123
545,sqrt,240,18,15,True,0.7380995712767198
579,sqrt,98,7,14,False,0.4732759461856591
133,None,152,32,4,True,0.5152535998843483
506,sqrt,103,21,6,False,0.676359786600361
155,None,113,1,8,False,0.22900591053478095
193,sqrt,65,44,9,False,0.9099704859553004
473,None,142,20,18,True,0.3605015276286861
611,sqrt,128,7,15,True,0.5408681644065471
782,sqrt,284,7,11,False,0.4691275216238042
59,log2,244,19,7,False,0.7096205809844625
452,sqrt,246,18,20,False,0.6475764989034271
162,log2,300,22,4,True,0.8162465583592752
107,log2,60,39,3,False,0.8792158007003117
231,sqrt,96,46,18,True,1.0444081787396051
536,log2,253,28,9,True,0.8616388722595434
725,sqrt,282,33,7,True,0.92186340442911
389,log2,87,23,10,True,0.8121124658294617
526,sqrt,51,47,13,True,1.047166600874667
426,None,265,43,20,False,0.48978438722437473
82,None,224,47,7,True,0.6414935873062324
505,None,14,31,17,False,0.4758530736928946
728,log2,234,16,17,True,0.7012339859432165
474,sqrt,259,40,15,False,0.8644622048696059
446,None,273,6,19,True,0.22135461599177
390,None,134,6,14,True,0.18644125258136426
770,None,92,11,11,True,0.24091118576803486
433,log2,175,43,13,True,1.0276738611634395
237,sqrt,124,19,9,False,0.6697771909301863
714,log2,300,50,12,False,0.9225621537967469
138,None,135,43,18,True,0.6409514626173999
760,sqrt,26,50,13,True,1.0676677153600973
166,log2,160,15,19,True,0.704239646588086
250,log2,121,30,17,False,0.7932758500767149
359,log2,114,22,15,False,0.6938820446509252
561,log2,255,26,3,False,0.7240921880277883
210,None,292,2,4,False,0.21489053280372497
781,None,224,13,18,True,0.2639655649167993
146,None,121,38,20,False,0.4908628394296766
653,sqrt,88,6,11,True,0.511028884545966
609,None,174,45,12,False,0.5800653257086889
473,sqrt,223,49,8,True,1.071587336071265
791,sqrt,224,46,15,True,1.038008245294068
192,log2,66,15,7,False,0.6108293200057519
761,sqrt,262,27,5,False,0.7293166816938442
408,log2,29,43,19,True,1.02421565232608
510,None,187,33,6,True,0.5257742812216202
149,sqrt,159,34,7,True,0.9625941405187929
282,None,47,47,5,False,0.6170438898058297
239,None,139,11,11,True,0.24468759278151975
760,sqrt,139,30,19,True,0.8882387088171941
671,sqrt,286,22,20,True,0.7918692846014741
10,None,39,32,20,True,0.5103732539856924
376,log2,3,14,9,False,1.1112023571879392
298,log2,95,36,14,True,0.9637550163418179
383,log2,134,25,14,True,0.847917723524643
411,sqrt,165,47,14,False,0.9155783728920058
96,sqrt,55,29,8,False,0.7897633143726667
515,None,184,17,11,True,0.32150890506028734
88,None,70,7,18,True,0.21853235881396346
50,None,207,4,6,False,0.22359826134557972
34,sqrt,284,28,9,False,0.7955387768611781
145,sqrt,199,39,3,True,1.0123836059374185
345,sqrt,155,3,15,True,0.5142975470034133
85,sqrt,219,40,8,True,1.0036295383793037
212,None,2,25,4,True,0.8577141816639843
703,sqrt,195,6,2,False,0.4486258386118854
189,None,215,38,2,False,0.49086283942967657
666,sqrt,177,9,11,True,0.5809688107797081
157,None,81,2,8,True,0.14748016117798404
609,log2,107,41,2,False,0.8568433258105482
709,sqrt,157,44,12,False,0.8812269233807686
274,sqrt,105,42,18,False,0.8866656540172265
625,log2,18,12,2,False,0.560902387471115
66,log2,156,12,11,False,0.5889983450139181
549,log2,278,40,10,True,0.9890031675667615
496,sqrt,173,30,2,True,0.8948589759495887
309,log2,244,2,20,False,0.4839698138240929
247,None,100,47,15,False,0.6170438898058297
98,None,108,39,15,False,0.490395386512833
148,log2,53,27,12,True,0.8734109162057692
504,None,0,48,7,True,0.6363850891726907
711,None,183,11,2,False,0.30912448406701715
360,sqrt,82,30,12,True,0.8965046683811898
148,None,70,7,15,True,0.19482233475253166
500,None,4,4,7,True,0.3802788661012859
589,log2,295,21,14,True,0.7862252262421255
68,log2,87,9,5,True,0.6328124824635847
712,None,258,49,6,True,0.637002093639388
416,None,46,43,12,False,0.4897843872243748
331,log2,60,38,16,True,0.9782458934905088
236,sqrt,101,48,18,True,1.068957588392365
245,None,224,5,10,True,0.16246583425167752
120,None,80,18,5,True,0.34237017845514756
277,log2,156,36,11,True,0.9576096856245365
623,None,17,2,19,True,0.2207901688267108
546,None,34,26,4,True,0.39673780664823016
91,None,77,8,9,False,0.27611748880988496
745,None,263,12,14,False,0.32393057055417634
476,log2,281,4,16,True,0.5349705679301316
343,log2,132,43,12,True,1.0148869376487497
602,sqrt,129,49,14,True,1.0624710053326059
390,sqrt,287,47,8,False,0.9116421283204051
621,None,257,15,6,False,0.33605072306507705
794,log2,289,38,16,False,0.8271803280741015
785,log2,256,8,15,True,0.5562673413334306
691,None,17,6,15,True,0.1917716963213154
149,sqrt,259,23,10,False,0.7129396540656074
315,sqrt,151,26,20,True,0.8576521807838541
118,sqrt,168,32,3,False,0.8009907184501279
369,log2,202,48,16,False,0.9247281447599135
800,log2,40,39,2,False,0.8365783992228186
426,None,228,18,17,True,0.3370518340350837
117,sqrt,290,21,12,False,0.6837896870101058
685,sqrt,138,21,6,True,0.7818556363238979
397,log2,99,33,14,False,0.8078092654541248
734,log2,170,5,19,True,0.5524791197984882
406,sqrt,40,39,12,True,0.9880375403416655
16,None,151,11,8,False,0.30912448406701454
329,log2,109,2,15,False,0.4442759427409945
196,log2,88,40,11,True,0.9957669944495281
342,sqrt,124,20,13,True,0.7849859786575978
162,None,286,45,2,False,0.5800653257086924
613,sqrt,289,36,20,True,0.9559327108984498
533,sqrt,183,9,12,True,0.5821346468555709
798,log2,3,12,8,False,1.0947343831115852
150,sqrt,238,42,15,False,0.8992904819592106
22,log2,23,28,18,True,0.9234316785145674
417,sqrt,118,24,7,False,0.7175869929301539
444,log2,246,33,16,True,0.9322686128246448
173,log2,54,36,11,False,0.8585656917234507
473,sqrt,176,22,13,False,0.696273145381208
571,sqrt,97,44,12,True,1.0193068559042888
561,log2,65,43,7,False,0.87937868827996
33,sqrt,239,40,7,True,1.0447439691299578
307,log2,22,2,2,True,0.39034147795537416
393,log2,292,39,4,True,0.9855219296849183
716,None,128,26,15,False,0.3967607565439805
616,log2,289,14,5,False,0.5952994739133665
249,log2,184,36,13,False,0.8475422603688295
145,log2,213,8,9,False,0.523952095767811
304,None,235,19,4,False,0.3554985526682637
410,log2,32,41,10,True,1.0093161357224234
285,sqrt,113,18,12,True,0.7384589980096835
421,sqrt,115,41,13,True,1.0057285444124286
368,log2,266,43,12,True,1.0155927426219407
747,None,297,32,9,True,0.5062476612663914
716,log2,34,24,17,False,0.7055760649675662
38,sqrt,185,28,3,True,0.9319471048673437
196,sqrt,42,1,4,True,0.37778300312681323
381,log2,191,15,13,False,0.6090042616909637
39,None,256,15,3,False,0.3360507230650757
567,sqrt,196,27,9,True,0.852816174275067
47,sqrt,298,15,2,True,0.7468218856355678
680,log2,28,39,18,False,0.8401448290681911
274,None,78,30,19,False,0.472154813127204
565,None,190,48,7,True,0.6363097308872784
298,log2,147,32,19,True,0.917680310629785
200,log2,148,46,9,True,1.0359498197894748
454,None,228,19,19,True,0.35060812989608164
79,None,17,23,5,True,0.386250568712712
717,sqrt,69,42,11,False,0.8658032970135933
84,None,280,30,7,False,0.47215481312720436
289,None,296,17,8,True,0.3257532006130652
504,None,56,16,4,False,0.3352410763866224
290,None,222,13,12,False,0.325864161914131
155,log2,157,36,4,False,0.8466795893973013
579,None,121,42,9,True,0.6267405952273404
73,log2,249,42,6,False,0.9129947774313526
396,None,69,39,19,False,0.49039538651283227
799,None,211,42,12,True,0.6271104080359556
193,None,43,40,19,True,0.6246850536709313
690,log2,208,48,14,True,1.0525277102232995
325,None,139,9,2,True,0.21629248563149106
327,sqrt,186,40,18,True,0.9915147183432894
473,sqrt,203,30,8,False,0.7772540096200613
742,None,90,46,2,True,0.6348980236280548
789,log2,232,28,9,False,0.7405242037942857
550,None,51,39,6,True,0.6076008738787068
160,None,76,24,5,False,0.3938709004580578
761,sqrt,223,43,2,True,1.0138586397067377
470,None,252,19,2,False,0.3554985526682617
140,None,84,29,12,False,0.45395413723069766
735,log2,248,44,15,True,1.0199696045321043
46,None,253,49,10,False,0.6454953991159283
34,log2,292,7,4,False,0.5255099747331627
797,None,59,16,20,True,0.3044901124338679
531,None,258,43,4,True,0.6306150725034266
43,None,105,5,14,False,0.26815473179400046
766,log2,186,8,9,True,0.5581091909338511
87,None,183,28,6,True,0.4357680276109104
304,sqrt,232,45,18,True,1.030794397393783
599,log2,58,12,11,True,0.6392057371789638
540,log2,186,32,17,True,0.9088897021607799
453,None,231,39,19,True,0.6096182340102368
495,log2,127,12,2,True,0.644334048904662
51,sqrt,115,31,20,False,0.8312582761931387
229,sqrt,119,34,19,True,0.9457081303974618
302,log2,41,15,3,False,0.6083998950333608
93,None,76,24,13,False,0.3938709004580578
381,log2,183,35,6,True,0.9524977783221003
362,log2,121,1,10,True,0.43891495953099585
273,sqrt,190,39,8,False,0.8602008642885646
424,None,4,36,5,False,0.48971643419301625
74,sqrt,271,27,16,True,0.8683869276289901
208,sqrt,87,26,9,True,0.8495112236123777
731,sqrt,167,33,7,True,0.9210860299888437
319,None,199,14,5,False,0.3303688880954743
490,sqrt,34,25,13,True,0.8422046303660262
298,None,86,16,19,False,0.33524107638662204
581,sqrt,294,33,7,True,0.9231949267671867
68,None,173,3,18,False,0.2870522471181505
39,None,167,21,6,False,0.36532536539706323
158,sqrt,282,20,3,True,0.790073845870686
548,log2,278,25,2,True,0.8343189668486687
692,sqrt,79,5,3,False,0.4293758948092392
208,log2,43,6,2,False,0.4458618944042742
67,None,62,38,5,True,0.6052395090639843
567,sqrt,74,6,3,True,0.5145564052125288
550,None,279,1,5,True,0.13414177729522148
216,sqrt,176,43,16,False,0.9047045496043621
318,None,40,37,11,True,0.5932744840105275
456,None,288,14,9,False,0.3303688880954752
25,None,22,6,16,False,0.275803078561329
309,None,63,38,3,False,0.49086283942967657
468,None,286,7,17,False,0.28199564314858694
435,sqrt,286,48,12,False,0.9257081079575604
456,log2,158,16,9,False,0.6222168341343361
63,sqrt,93,46,8,False,0.9367549794197089
217,log2,171,40,6,True,0.9980728019636468
586,log2,103,46,11,False,0.8944913278966181
737,None,110,9,17,False,0.28804834242438104
120,None,75,50,4,False,0.6454953991159281
434,sqrt,32,38,5,False,0.8497939214924733
390,sqrt,97,29,5,False,0.7753770759898826
558,sqrt,133,43,16,True,1.0139059466500306
608,sqrt,214,17,12,True,0.7236114165867334
552,None,151,37,4,False,0.48968748477316687
41,None,151,8,20,False,0.30186127813355207
499,None,10,21,4,True,0.3685180741948455
427,log2,140,47,16,True,1.051004775533557
149,log2,33,16,15,False,0.6242938807915595
179,sqrt,153,49,9,True,1.0734648322267502
630,None,148,15,4,True,0.28992718550372953
614,sqrt,206,43,16,False,0.8783993655375378
594,None,91,1,19,True,0.22085091941387117
294,None,254,45,2,False,0.5800653257086924
674,log2,134,15,12,True,0.6882413790607497
692,None,162,41,19,True,0.6220830125632696
735,None,46,6,20,False,0.30211030606695166
361,sqrt,36,15,12,False,0.606544909106829
311,sqrt,60,46,2,True,1.0387488669731308
232,sqrt,89,39,15,False,0.867791440354282
174,None,189,38,4,True,0.6065397948992045
505,None,25,3,18,True,0.2143485136635013
580,log2,293,4,13,False,0.4417415161736146
86,sqrt,43,2,4,True,0.40655041304550626
747,None,192,32,13,True,0.5062476612663914
780,None,17,37,16,False,0.4896874847731663
604,sqrt,136,6,18,False,0.49633561681878446
742,sqrt,181,6,18,True,0.555090853097497
143,log2,60,47,17,True,1.0663368027612663
89,sqrt,135,46,5,True,1.077167554427701
329,None,246,24,17,True,0.3852814224986738
416,None,276,22,15,False,0.3778290316369683
730,log2,196,1,17,False,0.44986547712032365
580,log2,15,17,14,False,0.6282552520302483
489,sqrt,175,50,10,False,0.9337212306443802
711,sqrt,186,32,16,False,0.7851965824715211
180,sqrt,155,31,16,False,0.7985916700024126
252,log2,73,37,16,False,0.8549151874017236
103,log2,228,10,11,True,0.6217243197794963
684,None,26,47,9,True,0.6359652560500647
312,None,203,7,18,True,0.21608686058843854
539,None,169,3,13,True,0.1784843872331013
141,None,197,43,12,False,0.48978438722437595
427,None,35,26,17,True,0.39637271741039665
799,log2,61,33,5,True,0.9201282618354979
45,log2,217,36,2,True,0.9953590987904549
300,log2,76,15,8,True,0.6962036355385467
622,None,232,10,8,False,0.3025088172569024
295,log2,59,33,11,False,0.8091064558296076
679,log2,239,19,17,True,0.7535761000048841
555,log2,71,10,19,False,0.5283559364839737
502,sqrt,224,40,5,True,0.9951418756924766
771,sqrt,183,41,18,False,0.8531016050685114
428,sqrt,62,19,11,False,0.6633456527775238
781,log2,71,25,3,False,0.7129447597329138
257,log2,43,12,3,False,0.5669233172189572
289,None,24,24,9,True,0.3877802278860935
74,sqrt,191,29,13,False,0.8020428830381876
583,sqrt,146,14,7,True,0.6736705558669884
622,sqrt,66,40,16,False,0.8498951766742362
452,None,69,1,9,False,0.2286835711691071
281,None,6,31,18,True,0.48911198428896085
12,sqrt,117,13,12,False,0.624711212550578
602,None,135,5,15,True,0.19140578099909936
596,log2,227,48,2,True,1.0532882465024227
162,sqrt,142,9,10,True,0.6064863353812425
532,log2,192,48,3,True,1.054325461942468
170,None,147,8,12,True,0.2031568063974903
522,sqrt,261,35,15,True,0.9506699135310455
703,None,260,35,7,True,0.5592807651943739
72,None,55,42,5,True,0.6335527326847705
750,sqrt,107,13,4,True,0.6523924467027988
94,None,194,33,10,False,0.4897164341930182
469,sqrt,96,21,16,True,0.798145331500641
572,None,265,18,2,False,0.35706829607128915
281,None,89,29,7,False,0.4539541372306976
388,sqrt,250,47,3,False,0.9115990528511858
706,None,227,25,6,False,0.3975340176655047
601,None,123,42,5,True,0.6261874234232262
592,None,86,37,18,False,0.4896874847731663
468,log2,281,50,8,False,0.9373390433111431
673,None,181,29,16,True,0.4446040635987257
536,None,297,50,6,False,0.6454953991159268
730,log2,14,37,12,False,0.8257422114603935
261,log2,239,1,10,False,0.40081688046982
616,None,198,33,2,True,0.5257594036038856
339,log2,115,4,13,False,0.44328325982534156
114,log2,300,44,13,True,1.040559047546666
120,None,288,20,5,False,0.3622365220017003
382,sqrt,219,33,15,False,0.8084117363129414
519,log2,180,41,11,True,1.0017421169754614
755,sqrt,12,34,5,False,0.8047173230192621
780,None,249,44,10,True,0.6325445619233255
211,log2,80,49,18,True,1.0547195114226917
560,sqrt,70,5,19,False,0.4944875967428141
417,None,179,40,14,True,0.6187136143159063
359,sqrt,56,8,10,False,0.5011577426325701
189,log2,123,33,3,True,0.929582818684484
480,sqrt,179,11,9,False,0.5581281913020604
210,None,190,18,13,False,0.3570682960712897
562,None,70,30,20,True,0.46398729682379053
262,sqrt,66,33,8,True,0.9336269725361436
414,log2,83,41,13,True,1.0079298078071472
537,None,215,36,19,False,0.48971643419301464
624,None,125,42,20,True,0.6265743951403181
139,sqrt,122,30,9,False,0.7817131187618593
144,None,105,3,15,True,0.19440359124724269
722,sqrt,133,16,6,True,0.7006337642620183
264,sqrt,18,10,14,True,0.6061281851639965
652,log2,297,18,17,False,0.639602769922869
156,None,55,6,7,True,0.17540150405731034
572,None,71,42,14,True,0.6268103537135165
566,log2,222,37,3,True,0.9596304193064
725,sqrt,40,13,2,True,0.6520846824366392
411,sqrt,226,2,11,False,0.41645816317165424
572,log2,253,37,10,True,0.9582530293883003
229,log2,270,27,14,False,0.7527843142803136
567,None,157,3,18,True,0.21424322563555798
507,log2,126,12,8,False,0.5644679432595021
342,sqrt,41,39,4,False,0.8613427611983441
742,None,38,13,16,False,0.3258641619141342
720,None,180,41,5,False,0.4901620014938602
389,None,88,23,2,True,0.3797413998984676
494,sqrt,25,45,4,True,1.0401225469884123
198,sqrt,153,20,5,True,0.7813601268256788
18,None,140,19,4,False,0.3554985526682641
98,sqrt,286,7,3,False,0.4878797375183523
447,log2,226,15,9,False,0.6090819561934818
284,sqrt,6,19,10,False,0.7099495716254506
363,sqrt,69,28,14,True,0.8717247527563307
711,log2,22,4,10,True,0.4657853807113351
99,log2,286,27,6,False,0.7440615078540228
769,sqrt,81,19,17,False,0.6519596607018074
721,sqrt,132,18,7,True,0.7367679476069057
731,sqrt,174,15,15,False,0.5990728069266908
381,sqrt,93,22,8,True,0.8091336096835566
615,None,233,8,5,True,0.2002045656537479
745,None,297,30,15,False,0.4721548131272015
459,log2,168,40,3,True,0.9999792049329113
271,sqrt,160,27,11,True,0.8657535282298117
604,log2,55,20,17,True,0.7685340142234679
735,log2,120,44,9,False,0.8799144642254634
17,log2,153,22,3,False,0.7338620127118837
166,None,222,15,20,True,0.293309039574001
735,sqrt,130,25,16,False,0.7106824854029057
457,sqrt,187,45,13,False,0.8988817882465344
11,sqrt,111,36,13,True,0.9782438574291175
738,log2,174,30,9,True,0.8859216972203011
234,log2,112,12,8,False,0.5695284115118776
778,sqrt,235,24,11,False,0.7063015127039957
57,log2,286,47,16,True,1.116257736308373
501,None,142,10,20,False,0.30250881725690176
800,log2,104,24,6,False,0.7065224580654763
115,None,61,13,10,True,0.2704011426457228
153,log2,22,10,5,False,0.534986024494562
175,log2,96,46,13,True,1.0518150523375815
376,sqrt,29,37,7,False,0.847853778932813
321,None,293,14,5,True,0.2779891047431398
387,log2,294,22,12,True,0.8071938793368512
158,log2,151,17,2,False,0.6265803653939201
167,sqrt,97,17,7,True,0.7326351468512223
184,sqrt,70,29,5,False,0.7947892510474649
475,sqrt,133,21,2,True,0.7975680496738637
508,log2,253,8,8,True,0.5685891940266191
589,None,196,4,17,True,0.2066738423459983
768,None,216,32,19,True,0.5062849067146261
713,sqrt,165,20,4,False,0.6669192736915819
320,sqrt,212,50,4,True,1.0731424520491102
568,None,265,21,19,False,0.36532536539706184
433,sqrt,224,22,11,False,0.69817634992064
800,log2,175,47,13,False,0.9013937576073828
679,sqrt,181,21,12,True,0.7814047780462895
111,None,180,35,6,True,0.5623091460348639
197,None,279,3,3,True,0.14050839018573955
75,None,149,11,11,False,0.3091244840670147
